INV	5038	1042400	1047438
DEL	164	1921534	1921699
INV	79185	3621812	3700997
FUS	805	4532654	4532655	5794270	5795074
TAN	112	7470708	7470819
TAN	57142	8385175	8442316
INS	14	9805990	9805991
DEL	805	11361302	11362108
TAN	79655	12132371	12212025
TRAN	89808	14591496	14591497	50268873	50358680
TAN	9783	16336852	16346634
INS	26	16784098	16784099
INV	9239	18930645	18939884
DEL	137	20693365	20693503
TAN	134	21719209	21719342
TAN	116	22590720	22590835
INV	102	24118419	24118521
INS	27	26734933	26734934
INV	753	28204160	28204913
TRAN	4690	29952836	29952837	102147884	102152573
DEL	537	31342915	31343453
DEL	9856	31912049	31921906
DEL	131	34244920	34245052
INV	125	34773744	34773869
FUS	26189	9497473	9523661	36446120	36446121
TAN	70969	37878832	37949800
INS	10	40417558	40417559
FUS	707	41672432	41672433	112165078	112165784
TAN	141	43031262	43031402
FUS	106	43864644	43864645	61804690	61804795
TRAN	129	45391826	45391827	115450626	115450754
INS	26	47429021	47429022
DEL	866	48313851	48314718
TAN	74262	51098721	51172982
INV	600	52831454	52832054
TRAN	113	54982668	54982669	127503500	127503612
TAN	130	56517849	56517978
FUS	945	57500726	57500727	129806028	129806972
TAN	5010	58685202	58690211
FUS	125	61378432	61378433	102093531	102093655
DEL	4225	61679059	61683285
INS	18	64413254	64413255
DEL	181	64757542	64757724
DEL	831	66692869	66693701
DEL	9521	68667371	68676893
INV	62134	69845528	69907662
TAN	628	70817169	70817796
FUS	9474	72823040	72823041	101805399	101814872
TRAN	965	74503530	74503531	94051517	94052481
INS	26	76142684	76142685
TAN	71029	76991188	77062216
INV	194	78014123	78014317
INV	751	80884072	80884823
TAN	44566	81750974	81795539
TAN	2998	83471824	83474821
TAN	3353	84028275	84031627
FUS	108	61725749	61725856	85633032	85633033
TAN	131	88448363	88448493
TRAN	7325	89205101	89205102	132073905	132081229
TAN	28871	90501129	90529999
FUS	742	91766141	91766142	122321820	122322561
INV	7794	95911610	95919404
TAN	50873	96530676	96581548
INS	12	98744298	98744299
TRAN	7864	100157100	100157101	121083699	121091562
TAN	184	100783951	100784134
TAN	24522	104899335	104923856
INV	51950	106193033	106244983
DEL	69219	106869316	106938536
INV	39693	108741246	108780939
DEL	4643	110517488	110522132
INV	154	111633072	111633226
INS	13	113230156	113230157
INV	7371	115726346	115733717
FUS	138	118296395	118296396	133507504	133507641
DEL	854	119896027	119896882
DEL	742	122321819	122322562
INV	65499	123452650	123518149
INV	7343	125223808	125231151
INS	25	127039963	127039964
FUS	830	127609061	127609890	129121056	129121057
INS	21	131307674	131307675
