1042396  1047437
1042400  1047438
1047438  111063799
1921532  1921697
1921699  1921534
3621811  3700996
3621811  3700996
3621812  3700999
3700996  3621811
4532649  5794266
4532655  5795075
7470709  7470820
8385175  8442316
8385175  8442316
9805990  9805990
11361302  11362108
12132371  12212025
14591495  50268873
14591497  50358681
14591497  50358681
16336852  16346634
16336852  16346634
16784095  16784101
16784095  16784101
18930644  18939883
18930645  18939885
20693365  20693503
21719209  21719342
21719209  21719342
22590720  22590835
24118419  24118521
24118520  24118418
26734932  26734932
26734932  26734932
28204159  28204912
28204159  28204912
28204160  28204913
28204912  28204159
29952835  102147883
29952836  102152573
29952836  102152573
31342915  31343453
31921906  31912049
34773744  34773869
34773868  34773743
34773868  34773743
37878832  37949800
41672431  112165078
41672433  112165785
47429021  47429022
47429021  47429022
48313851  48314718
48314719  48313852
50268872  50358681
50268873  14591495
51098721  51172982
52831454  52832054
56517850  56517979
57500725  129806028
57500726  129806972
58685203  58690212
61679055  61683281
61683285  61679059
61725749  85633031
61725749  85633031
61725856  85633032
61804690  43864643
61804795  43864644
64413253  64413254
64757542  64757724
64757725  64757543
66692869  66693701
68667371  68676893
68676893  68667371
69845527  69907661
69845528  69907662
69907661  69845527
70817170  70817797
70817170  70817797
72823039  101805399
72823040  101814872
74503529  94051517
74503530  94052481
76991188  77062216
78014122  78014316
78014123  78014317
80884071  80884822
80884071  80884822
80884078  80884817
81750974  81795539
81750974  81795539
83471825  83474822
83471825  83474822
84028275  84031627
88448363  88448493
89205099  132073904
89205104  132081229
90501129  90529999
90501129  90529999
91766140  122321820
94051516  94052482
94052482  94052418
95911609  95919403
95911610  95919404
95919403  95911609
96530676  96581548
100157099  121083698
100157103  121091562
100157103  121091565
100783951  100784134
102093531  61378431
102093531  61378431
102093655  61378432
102147883  102152574
104899335  104923856
106193032  106244982
106193033  106244983
108741244  108780939
108741246  108780939
110517488  110522132
111633072  111633226
111633225  111633071
111633225  111633071
113230156  113230155
115450624  115450754
115450626  45391825
115450754  45391826
115733715  79436013
115733715  115726346
115733717  74899909
115733717  90933801
119896027  119896882
121083698  121091563
121083698  100157099
121091565  121083700
122321819  122322562
122322560  91766140
122322563  122321820
123452649  123518148
123452651  123518148
125223807  125231150
125223808  125231151
127039961  127039963
127039963  127039961
127503499  127503613
127503499  54982667
127503612  54982668
127503613  127503499
127609061  129121055
127609890  129121056
129121054  127609060
129121054  127609187
129806028  57500725
131307679  131307674
132073904  132081230
132073905  89205100
133507504  118296395
133507641  118296395
