161784	243523	DEL	0
2580269	40533438	FUS	0
2580270	40533876	FUS	0
3151972	3151973	INS	0
5706886	5707482	INV	0
5706887	5707483	INV	0
6544005	6544859	TAN	0
8032098	8110555	DEL	0
9799741	9803824	INV	0
9799742	9803825	INV	0
10611017	33290899	FUS	0
10611018	33381692	FUS	0
13333996	13340817	DEL	0
14624610	54678107	FUS	0
14624611	54679076	FUS	0
15084743	15090337	DEL	0
16726343	16727027	TAN	0
18243337	109724291	FUS	0
18243338	109726347	FUS	0
19617983	19653353	TAN	0
21112397	52764506	FUS	0
21112398	52765349	FUS	0
23670983	23671049	INV	0
23670984	23671050	INV	0
25110405	127551482	FUS	0
25110406	127551532	FUS	0
26579140	26586486	DEL	0
27845898	27845986	INV	0
27845899	27845987	INV	0
29720447	29720533	INV	0
29720448	29720534	INV	0
31176560	52855912	FUS	0
31176561	52856628	FUS	0
32574855	32574941	INV	0
32574856	32574942	INV	0
34143259	34143311	DEL	0
34904429	34959367	DEL	0
36252994	36259835	TAN	0
37699143	37699212	TAN	0
39026215	39026278	INV	0
39026216	39026279	INV	0
40533437	40533877	DEL	0
43196561	43205907	INV	0
43196562	43205908	INV	0
44496264	44593001	TAN	0
45766564	45766943	INV	0
45766565	45766944	INV	0
47518003	47601291	TAN	0
48631496	48631497	INS	0
50090745	50092846	DEL	0
51665162	51721155	INV	0
51665163	51721156	INV	0
53258861	62425777	FUS	0
53258862	62425850	FUS	0
54678106	54679077	DEL	0
56099944	119732373	FUS	0
56099945	119732419	FUS	0
57052868	63984716	FUS	0
57052869	63992817	FUS	0
59658313	61681565	FUS	0
59658314	61763880	FUS	0
60317290	60354990	TAN	0
62425776	62425851	DEL	0
63975737	63983270	DEL	0
65235207	104833026	FUS	0
65235208	104833405	FUS	0
66201254	66201255	INS	0
68299226	68299316	TAN	0
69892574	69979894	DEL	0
71416108	71423757	INV	0
71416109	71423758	INV	0
72651307	72706561	INV	0
72651308	72706562	INV	0
74398561	24469151	FUS	0
74398562	24564264	FUS	0
75884224	75959158	TAN	0
77702206	77702501	DEL	0
78735259	78735947	TAN	0
80805966	80806725	INV	0
80805967	80806726	INV	0
81781659	81854265	INV	0
81781660	81854266	INV	0
83461312	90310083	FUS	0
83461313	90370516	FUS	0
85276532	85276533	INS	0
85735374	85763606	DEL	0
87238576	87239101	INV	0
87238577	87239102	INV	0
89937846	96980028	FUS	0
89937847	96980117	FUS	0
91225115	113409321	FUS	0
91225116	113490651	FUS	0
92870943	131898120	FUS	0
92870944	131898758	FUS	0
93062325	93062851	DEL	0
94686148	94686197	DEL	0
96980027	96980118	DEL	0
97640695	97641283	TAN	0
99004963	99061398	DEL	0
101181586	101181793	DEL	0
102825879	33486409	FUS	0
102825880	33487071	FUS	0
104833025	104833406	DEL	0
105658292	105658308	INV	0
105658293	105658309	INV	0
106805981	106893860	INV	0
106805982	106893861	INV	0
109168056	109177021	DEL	0
109724290	109726348	DEL	0
112017606	34245923	FUS	0
112017607	34251605	FUS	0
113409320	113490652	DEL	0
114488161	114488236	INV	0
114488162	114488237	INV	0
116558543	116634229	INV	0
116558544	116634230	INV	0
117597277	117603348	INV	0
117597278	117603349	INV	0
119732372	119732420	DEL	0
120616429	120616880	TAN	0
121530265	121533130	DEL	0
123310033	123315545	DEL	0
125205591	43148402	FUS	0
125205592	43223915	FUS	0
126354178	126354179	INS	0
127551481	127551533	DEL	0
129279914	129279993	DEL	0
131439351	131441403	INV	0
131439352	131441404	INV	0
132166985	132217564	DEL	0
