817404	817723	DEL	0
2817839	2827224	INV	0
2817840	2827225	INV	0
3151711	3152178	DEL	0
5883758	5919021	TAN	0
6631644	6701246	DEL	0
7592006	7686259	INV	0
7592007	7686260	INV	0
9782278	9782279	INS	0
10822358	10916902	TAN	0
12933634	34706946	FUS	0
12933635	34714985	FUS	0
14700978	14700979	INS	0
16052809	16052829	INV	0
16052810	16052830	INV	0
16912188	16912213	DEL	0
18253815	117928273	FUS	0
18253816	117928492	FUS	0
19913862	19920115	INV	0
19913863	19920116	INV	0
21803180	21807649	TAN	0
23932243	23938141	DEL	0
24880754	123342370	FUS	0
24880755	123351237	FUS	0
26288403	26289249	TAN	0
28032846	28032924	TAN	0
28962021	28983729	TAN	0
30666883	30666960	INV	0
30666884	30666961	INV	0
32577546	32644505	INV	0
32577547	32644506	INV	0
34360251	34412961	TAN	0
34706945	34714986	DEL	0
36289115	36289159	DEL	0
38095230	66322386	FUS	0
38095231	66327069	FUS	0
39518431	91506814	FUS	0
39518432	91515881	FUS	0
41263633	41263712	INV	0
41263634	41263713	INV	0
42649181	42680141	TAN	0
44415965	44416015	DEL	0
45367537	45367554	INV	0
45367538	45367555	INV	0
46909396	46909437	INV	0
46909397	46909438	INV	0
48032425	48093757	TAN	0
50240556	65475509	FUS	0
50240557	65476276	FUS	0
52070381	52138695	INV	0
52070382	52138696	INV	0
53779588	53784068	DEL	0
54759041	79039614	FUS	0
54759042	79048653	FUS	0
56071840	56117526	INV	0
56071841	56117527	INV	0
57308488	85722615	FUS	0
57308489	85786259	FUS	0
59883310	59883387	INV	0
59883311	59883388	INV	0
60753566	80480477	FUS	0
60753567	80481094	FUS	0
61840199	35624064	FUS	0
61840200	35630632	FUS	0
63674191	63755721	TAN	0
64569531	64570460	TAN	0
66322385	66327070	DEL	0
68857859	127571240	FUS	0
68857860	127575664	FUS	0
69530001	69537084	TAN	0
70790945	70800723	DEL	0
72533567	24800843	FUS	0
72533568	24805887	FUS	0
74504597	74505065	DEL	0
75791228	11316918	FUS	0
75791229	11385399	FUS	0
77019937	77019983	TAN	0
79381554	79431503	DEL	0
80480476	80481095	DEL	0
81619342	81619554	DEL	0
82967065	93914827	FUS	0
82967066	93921782	FUS	0
84267131	84267829	INV	0
84267132	84267830	INV	0
85722614	85786260	DEL	0
87284167	105776578	FUS	0
87284168	105776878	FUS	0
88717988	88723873	TAN	0
91431027	91431042	TAN	0
91506813	91515882	DEL	0
93914826	93921783	DEL	0
95038274	43090332	FUS	0
95038275	43097591	FUS	0
96982255	97013035	DEL	0
97624231	97624252	TAN	0
100053360	100053361	INS	0
101101508	72099984	FUS	0
101101509	72100224	FUS	0
102233596	102239387	TAN	0
104491740	47724896	FUS	0
104491741	47733139	FUS	0
105245007	105245054	TAN	0
106848844	106857339	TAN	0
109179235	34697887	FUS	0
109179236	34739694	FUS	0
110249303	110249304	INS	0
111258660	111259494	INV	0
111258661	111259495	INV	0
113760206	113767857	TAN	0
114857162	114952642	TAN	0
116017759	116018268	DEL	0
117928272	117928493	DEL	0
118690234	118782002	TAN	0
120724361	59853014	FUS	0
120724362	59952439	FUS	0
121752524	121756848	DEL	0
123342369	123351238	DEL	0
125278105	97527506	FUS	0
125278106	97527784	FUS	0
127247787	127248210	TAN	0
127571239	127575665	DEL	0
129108184	129144396	DEL	0
130761677	130761756	TAN	0
132159160	124864227	FUS	0
132159161	124890092	FUS	0
