234096	43492933	FUS	0
234097	43501781	FUS	0
2557596	2567466	TAN	0
3473441	10869694	FUS	0
3473442	10869766	FUS	0
5057043	5062794	TAN	0
7077943	7108972	TAN	0
8065304	8072097	TAN	0
10129842	16943727	FUS	0
10129843	16944061	FUS	0
10869693	10869767	DEL	0
12113027	12120151	DEL	0
14522126	14543937	DEL	0
15578996	107263484	FUS	0
15578997	107264289	FUS	0
17693914	17694698	DEL	0
18979021	19035797	INV	0
18979022	19035798	INV	0
20119241	20119242	INS	0
21772725	21778989	INV	0
21772726	21778990	INV	0
23779370	27826064	FUS	0
23779371	27826095	FUS	0
24910729	25015648	FUS	0
24910730	25023297	FUS	0
26997805	26998730	DEL	0
27826063	27826096	DEL	0
28811606	28811684	TAN	0
30489855	120199460	FUS	0
30489856	120199672	FUS	0
31875952	31876564	TAN	0
34306198	34306275	DEL	0
35673839	53053652	FUS	0
35673840	53053681	FUS	0
37211664	69747377	FUS	0
37211665	69839886	FUS	0
38820818	38822944	INV	0
38820819	38822945	INV	0
39695885	82193770	FUS	0
39695886	82223240	FUS	0
41735624	41737833	DEL	0
42683108	42683120	TAN	0
44148063	44177166	DEL	0
46478053	46478303	DEL	0
46572804	46573228	DEL	0
48281838	58144960	FUS	0
48281839	58145361	FUS	0
50650520	50709001	INV	0
50650521	50709002	INV	0
51769969	1371285	FUS	0
51769970	1410850	FUS	0
53053651	53053682	DEL	0
54014798	54014864	DEL	0
56481460	56481519	DEL	0
58144959	58145362	DEL	0
58948705	58948802	INV	0
58948706	58948803	INV	0
60220335	121769364	FUS	0
60220336	121769667	FUS	0
61854585	61940199	INV	0
61854586	61940200	INV	0
63406997	63407337	INV	0
63406998	63407338	INV	0
64775221	64775265	DEL	0
66714809	66714868	DEL	0
68618653	68619421	TAN	0
69747376	69839887	DEL	0
71345278	71387198	DEL	0
72270559	64092639	FUS	0
72270560	64100479	FUS	0
74206808	74216335	DEL	0
76395934	71932169	FUS	0
76395935	71962471	FUS	0
77390816	77397570	TAN	0
79143796	79143797	INS	0
80619539	80620453	DEL	0
81025150	73568047	FUS	0
81025151	73575719	FUS	0
82949558	36039777	FUS	0
82949559	36040290	FUS	0
84180899	84202876	DEL	0
86714774	130727234	FUS	0
86714775	130793655	FUS	0
87869022	87875226	TAN	0
88859409	101647369	FUS	0
88859410	101684989	FUS	0
90555932	90642092	INV	0
90555933	90642093	INV	0
91590612	91600583	TAN	0
93180529	23778203	FUS	0
93180530	23779100	FUS	0
94606297	94694660	INV	0
94606298	94694661	INV	0
97296456	50002318	FUS	0
97296457	50073974	FUS	0
98736546	86189304	FUS	0
98736547	86194892	FUS	0
99116585	99116837	INV	0
99116586	99116838	INV	0
101647368	101684990	DEL	0
103187987	103188230	INV	0
103187988	103188231	INV	0
103621377	103621441	DEL	0
105528640	105529015	DEL	0
107263483	107264290	DEL	0
108055392	108055393	INS	0
110304716	110304972	TAN	0
111409239	111409257	INV	0
111409240	111409258	INV	0
113181608	113181609	INS	0
114403907	114403984	DEL	0
116910313	131341598	FUS	0
116910314	131342380	FUS	0
118289909	118290736	DEL	0
119572645	7462300	FUS	0
119572646	7462710	FUS	0
120199459	120199673	DEL	0
122656434	122706206	TAN	0
123951718	123981535	TAN	0
125787788	125787807	INV	0
125787789	125787808	INV	0
127149316	127154142	DEL	0
128970041	128992586	DEL	0
129835760	129839246	INV	0
129835761	129839247	INV	0
130727233	130793656	DEL	0
132931200	133022977	DEL	0
