208298	208299	DEL	0
2231442	2237899	TAN	0
4162214	4182672	TAN	0
5583581	5583895	INV	0
5583582	5583896	INV	0
6748516	6748517	INS	0
8876856	25879239	FUS	0
8876857	25880042	FUS	0
9050052	9058286	DEL	0
11757723	11758032	INV	0
11757724	11758033	INV	0
12787400	12787494	TAN	0
14704221	14803666	TAN	0
15904073	38650103	FUS	0
15904074	38659800	FUS	0
16627330	77489054	FUS	0
16627331	77489131	FUS	0
18268305	18268306	INS	0
20684389	20684445	TAN	0
21508567	21512145	INV	0
21508568	21512146	INV	0
23350496	23354189	INV	0
23350497	23354190	INV	0
24294001	24303645	TAN	0
25879238	25880043	DEL	0
28194325	28199073	INV	0
28194326	28199074	INV	0
28698451	28701508	INV	0
28698452	28701509	INV	0
30582245	30582320	DEL	0
31722966	125054270	FUS	0
31722967	125054544	FUS	0
33629218	33632782	INV	0
33629219	33632783	INV	0
35620304	74378650	FUS	0
35620305	74386097	FUS	0
37081497	119612200	FUS	0
37081498	119708986	FUS	0
38237658	38238314	TAN	0
39508766	39546338	INV	0
39508767	39546339	INV	0
41676864	116021657	FUS	0
41676865	116048100	FUS	0
43101783	43101811	DEL	0
44769429	94751650	FUS	0
44769430	94758012	FUS	0
45074680	30596353	FUS	0
45074681	30605688	FUS	0
47934612	47940892	TAN	0
48565313	48571317	INV	0
48565314	48571318	INV	0
49990682	49990764	TAN	0
51777726	51777727	INS	0
52685306	7595024	FUS	0
52685307	7679947	FUS	0
54890940	54969985	INV	0
54890941	54969986	INV	0
55887467	55887482	TAN	0
57318544	57384250	TAN	0
59210804	59210829	TAN	0
60880665	13124912	FUS	0
60880666	13125218	FUS	0
61673305	61677367	INV	0
61673306	61677368	INV	0
63165884	63166628	DEL	0
64722262	64728229	TAN	0
67315707	67325569	TAN	0
67842540	67849289	DEL	0
69494413	69587757	DEL	0
71863489	71867268	INV	0
71863490	71867269	INV	0
72648693	72743198	INV	0
72648694	72743199	INV	0
74378649	74386098	DEL	0
75977070	47696958	FUS	0
75977071	47723532	FUS	0
77489053	77489132	DEL	0
79411911	79412168	DEL	0
80988552	133842933	FUS	0
80988553	133843872	FUS	0
82153463	82158008	INV	0
82153464	82158009	INV	0
83707176	28427759	FUS	0
83707177	28430603	FUS	0
85217202	412842	FUS	0
85217203	414988	FUS	0
86965293	86972555	INV	0
86965294	86972556	INV	0
87051390	87096087	INV	0
87051391	87096088	INV	0
88974081	89017376	TAN	0
91097180	91097831	DEL	0
92982454	92983283	DEL	0
94417641	94426849	INV	0
94417642	94426850	INV	0
94751649	94758013	DEL	0
97398886	103867036	FUS	0
97398887	103893208	FUS	0
97821649	97825968	DEL	0
99934346	100000891	TAN	0
101363622	101363997	DEL	0
103084228	83014606	FUS	0
103084229	83015278	FUS	0
104332063	104429978	INV	0
104332064	104429979	INV	0
105813092	105813924	INV	0
105813093	105813925	INV	0
107775742	107872447	DEL	0
108142549	108142550	INS	0
110814909	110824253	DEL	0
111586501	116749441	FUS	0
111586502	116750345	FUS	0
113108226	113108631	INV	0
113108227	113108632	INV	0
115022100	115022101	INS	0
116749440	116750346	DEL	0
118114876	118117805	DEL	0
119612199	119708987	DEL	0
120552528	88309038	FUS	0
120552529	88309888	FUS	0
121541030	121546849	INV	0
121541031	121546850	INV	0
124447154	124447523	DEL	0
125054269	125054545	DEL	0
127032654	127032668	TAN	0
128374026	105410397	FUS	0
128374027	105481889	FUS	0
129372871	129433153	INV	0
129372872	129433154	INV	0
130634641	130667373	DEL	0
132547441	132547498	TAN	0
