238801	238813	INV	0
238802	238814	INV	0
2334077	2334078	INS	0
3005487	42370007	FUS	0
3005488	42370392	FUS	0
5989398	98942238	FUS	0
5989399	98942744	FUS	0
6030900	6031392	DEL	0
8137741	8138165	DEL	0
9177342	101693746	FUS	0
9177343	101694733	FUS	0
11188478	11189062	TAN	0
13181059	13185795	INV	0
13181060	13185796	INV	0
14844821	14847399	INV	0
14844822	14847400	INV	0
16255606	113217143	FUS	0
16255607	113217809	FUS	0
17754823	43586860	FUS	0
17754824	43586903	FUS	0
19215909	19222716	INV	0
19215910	19222717	INV	0
20776357	72013173	FUS	0
20776358	72013189	FUS	0
21082170	21121054	DEL	0
22625823	119406801	FUS	0
22625824	119407101	FUS	0
24083596	110432870	FUS	0
24083597	110432900	FUS	0
25988787	25989173	TAN	0
27835655	108783248	FUS	0
27835656	108783492	FUS	0
29828332	29829015	INV	0
29828333	29829016	INV	0
30706063	30706126	TAN	0
32529456	32529526	TAN	0
33681105	33758730	TAN	0
35694899	35723989	TAN	0
36745217	36745913	DEL	0
38575135	38578327	TAN	0
39789348	39789379	INV	0
39789349	39789380	INV	0
41796554	41896257	DEL	0
42370006	42370393	DEL	0
43586859	43586904	DEL	0
46224778	101805554	FUS	0
46224779	101806355	FUS	0
47513335	128095501	FUS	0
47513336	128095570	FUS	0
48202656	48202733	DEL	0
50320103	50371865	INV	0
50320104	50371866	INV	0
51406921	51406922	INS	0
52630449	77827928	FUS	0
52630450	77879227	FUS	0
55374060	55374143	INV	0
55374061	55374144	INV	0
56056422	56056450	INV	0
56056423	56056451	INV	0
58246415	58246828	TAN	0
58767464	58767514	DEL	0
60881247	60942261	INV	0
60881248	60942262	INV	0
62320555	91610732	FUS	0
62320556	91616703	FUS	0
63737999	63745549	TAN	0
65189123	94941466	FUS	0
65189124	94947891	FUS	0
67088054	67088082	DEL	0
68001555	68031555	INV	0
68001556	68031556	INV	0
70201344	101572074	FUS	0
70201345	101572465	FUS	0
71970996	71971985	TAN	0
72013172	72013190	DEL	0
74634809	74635254	TAN	0
76497053	126145883	FUS	0
76497054	126146771	FUS	0
77827927	77879228	DEL	0
78999723	47692160	FUS	0
78999724	47756476	FUS	0
80662481	80662482	INS	0
82094863	82094873	INV	0
82094864	82094874	INV	0
83570795	116233692	FUS	0
83570796	116234027	FUS	0
84177716	84177986	INV	0
84177717	84177987	INV	0
86822853	86890452	TAN	0
87168713	100449998	FUS	0
87168714	100455569	FUS	0
89311054	89311055	INS	0
90102856	90173148	DEL	0
91610731	91616704	DEL	0
93630089	93630090	INS	0
94941465	94947892	DEL	0
96711898	105574246	FUS	0
96711899	105574268	FUS	0
98942237	98942745	DEL	0
99932542	99933296	INV	0
99932543	99933297	INV	0
101572073	101572466	DEL	0
102114707	102148072	DEL	0
103720990	132820542	FUS	0
103720991	132824849	FUS	0
105574245	105574269	DEL	0
106719521	125451792	FUS	0
106719522	125452691	FUS	0
108783247	108783493	DEL	0
110432869	110432901	DEL	0
111271210	111324228	DEL	0
113320183	113415183	TAN	0
115282803	115282864	DEL	0
116233691	116234028	DEL	0
118436258	118436259	INS	0
119406800	119407102	DEL	0
120573406	120573460	INV	0
120573407	120573461	INV	0
121847090	129774649	FUS	0
121847091	129775309	FUS	0
123966076	124038690	INV	0
123966077	124038691	INV	0
125796259	64807214	FUS	0
125796260	64814816	FUS	0
126145882	126146772	DEL	0
128095500	128095571	DEL	0
129774648	129775310	DEL	0
130989216	131018988	INV	0
130989217	131018989	INV	0
133046254	1352328	FUS	0
133046255	1355690	FUS	0
