179107	185018	TAN	0
2628941	123115446	FUS	0
2628942	123115920	FUS	0
3441096	87038928	FUS	0
3441097	87038949	FUS	0
5382049	5382773	INV	0
5382050	5382774	INV	0
6603110	6603111	INS	0
8611719	8611755	INV	0
8611720	8611756	INV	0
10374419	10379508	DEL	0
11818071	11822690	INV	0
11818072	11822691	INV	0
13272529	60011810	FUS	0
13272530	60011848	FUS	0
13964184	68212599	FUS	0
13964185	68260482	FUS	0
15768555	15769165	TAN	0
17578216	108627393	FUS	0
17578217	108627743	FUS	0
18730744	18731595	INV	0
18730745	18731596	INV	0
19829207	19829499	INV	0
19829208	19829500	INV	0
22137511	22137863	INV	0
22137512	22137864	INV	0
23563202	7202602	FUS	0
23563203	7203099	FUS	0
25029397	82105932	FUS	0
25029398	82106701	FUS	0
26576407	20400068	FUS	0
26576408	20400886	FUS	0
28236663	28237633	TAN	0
29292675	36064850	FUS	0
29292676	36064915	FUS	0
31141159	85334372	FUS	0
31141160	85366091	FUS	0
32638489	32645459	TAN	0
33715150	33719263	INV	0
33715151	33719264	INV	0
35360083	48119438	FUS	0
35360084	48171529	FUS	0
36064849	36064916	DEL	0
37530295	54707413	FUS	0
37530296	54708031	FUS	0
39493577	39498636	INV	0
39493578	39498637	INV	0
40596343	40602044	TAN	0
42092851	25525580	FUS	0
42092852	25583094	FUS	0
44463259	44467774	DEL	0
45411262	45411912	DEL	0
47660282	47660346	INV	0
47660283	47660347	INV	0
48119437	48171530	DEL	0
50115830	50122251	DEL	0
52142430	52231653	INV	0
52142431	52231654	INV	0
53250329	53284190	INV	0
53250330	53284191	INV	0
54460056	5678531	FUS	0
54460057	5686312	FUS	0
56097458	106430815	FUS	0
56097459	106433824	FUS	0
57354861	57361180	DEL	0
58598361	58598407	DEL	0
60011809	60011849	DEL	0
61854072	61909574	INV	0
61854073	61909575	INV	0
64099278	64099349	TAN	0
65750960	92510184	FUS	0
65750961	92569411	FUS	0
66138272	66138306	INV	0
66138273	66138307	INV	0
68212598	68260483	DEL	0
69243735	67434157	FUS	0
69243736	67440779	FUS	0
71266852	71270511	INV	0
71266853	71270512	INV	0
72896883	72983800	INV	0
72896884	72983801	INV	0
73946383	74018788	INV	0
73946384	74018789	INV	0
75536562	73739010	FUS	0
75536563	73824958	FUS	0
77422782	77507664	TAN	0
79193489	79196897	DEL	0
80922165	80977345	INV	0
80922166	80977346	INV	0
82105931	82106702	DEL	0
82654353	82720691	DEL	0
85334371	85366092	DEL	0
85731055	85731154	INV	0
85731056	85731155	INV	0
87038927	87038950	DEL	0
88838438	88838675	DEL	0
91112318	91113107	TAN	0
92666076	92666077	INS	0
93500979	93501039	DEL	0
95531456	95531457	INS	0
96650498	96650829	DEL	0
98843555	98852947	TAN	0
99976844	103390614	FUS	0
99976845	103428016	FUS	0
101072728	101073310	DEL	0
103390613	103428017	DEL	0
104575259	104575276	TAN	0
106430814	106433825	DEL	0
107498269	107498292	INV	0
107498270	107498293	INV	0
108627392	108627744	DEL	0
109621961	109700409	TAN	0
112268040	112268041	INS	0
112797850	112801191	TAN	0
114562275	114562825	DEL	0
115903559	44613178	FUS	0
115903560	44617301	FUS	0
118476097	118484958	DEL	0
118954418	118955413	TAN	0
120306985	120307041	TAN	0
122585373	116787543	FUS	0
122585374	116788293	FUS	0
123115445	123115921	DEL	0
125195756	125196140	DEL	0
127490236	127490988	INV	0
127490237	127490989	INV	0
127765060	127773339	TAN	0
129496096	129498805	DEL	0
130930530	130999065	INV	0
130930531	130999066	INV	0
133211420	133248670	DEL	0
