1339142	16103091	FUS	0
1339143	16103758	FUS	0
2328963	2335426	TAN	0
3046503	57814355	FUS	0
3046504	57815073	FUS	0
5157865	5157908	DEL	0
7209530	7219264	TAN	0
8754847	8761587	TAN	0
10176075	48367586	FUS	0
10176076	48368009	FUS	0
10653072	54791483	FUS	0
10653073	54792231	FUS	0
12580941	12678015	TAN	0
14758782	14759780	TAN	0
16103090	16103759	DEL	0
17116368	17117171	TAN	0
18078476	53491958	FUS	0
18078477	53492003	FUS	0
19589031	80130144	FUS	0
19589032	80137022	FUS	0
21454656	21460178	INV	0
21454657	21460179	INV	0
22624567	2807259	FUS	0
22624568	2813574	FUS	0
24160031	24160032	INS	0
25677167	25684769	DEL	0
27468734	127062824	FUS	0
27468735	127062865	FUS	0
29191011	29191645	DEL	0
30494718	30498575	INV	0
30494719	30498576	INV	0
31997816	32003171	DEL	0
34459718	34465482	DEL	0
34837055	34837404	TAN	0
36522648	36522649	INS	0
37597814	71662964	FUS	0
37597815	71663816	FUS	0
40176192	40176230	INV	0
40176193	40176231	INV	0
41403312	41403906	DEL	0
42515423	23048620	FUS	0
42515424	23049058	FUS	0
44708521	44738544	INV	0
44708522	44738545	INV	0
45251917	45252357	TAN	0
47230174	47230229	DEL	0
48367585	48368010	DEL	0
49710692	92852842	FUS	0
49710693	92862169	FUS	0
51216179	51223872	TAN	0
53491957	53492004	DEL	0
54239484	54319561	INV	0
54239485	54319562	INV	0
55573711	55673449	TAN	0
57814354	57815074	DEL	0
58923099	58923184	TAN	0
60249432	60249758	INV	0
60249433	60249759	INV	0
62969490	62973991	DEL	0
64164608	64195036	INV	0
64164609	64195037	INV	0
64821252	64821684	INV	0
64821253	64821685	INV	0
66807829	130560756	FUS	0
66807830	130565591	FUS	0
68627261	68627298	INV	0
68627262	68627299	INV	0
70192589	70194832	INV	0
70192590	70194833	INV	0
71662963	71663817	DEL	0
72180346	72181065	INV	0
72180347	72181066	INV	0
74177827	77457049	FUS	0
74177828	77457090	FUS	0
76277885	76277886	INS	0
77457048	77457091	DEL	0
78179694	78179746	INV	0
78179695	78179747	INV	0
80130143	80137023	DEL	0
81712282	81797857	DEL	0
83292912	83293349	DEL	0
85253957	85259454	DEL	0
85979870	85979884	INV	0
85979871	85979885	INV	0
88136255	88136256	INS	0
88592080	91315866	FUS	0
88592081	91340260	FUS	0
91315865	91340261	DEL	0
92859251	92923824	DEL	0
93054005	93054781	DEL	0
95324800	56417700	FUS	0
95324801	56418078	FUS	0
96504297	113919910	FUS	0
96504298	113988927	FUS	0
97730394	97740143	DEL	0
99104002	99104708	INV	0
99104003	99104709	INV	0
100867036	100867124	DEL	0
102717325	8632107	FUS	0
102717326	8633030	FUS	0
104571072	25258550	FUS	0
104571073	25259144	FUS	0
105173161	105173192	INV	0
105173162	105173193	INV	0
106851950	41579496	FUS	0
106851951	41580350	FUS	0
109207225	109238966	INV	0
109207226	109238967	INV	0
110711422	34922220	FUS	0
110711423	34923188	FUS	0
112210725	112211189	INV	0
112210726	112211190	INV	0
113919909	113988928	DEL	0
115150680	115150743	TAN	0
116891489	116891535	DEL	0
118260152	118267313	DEL	0
119922428	119922490	DEL	0
120726606	120801017	TAN	0
122275096	122275130	DEL	0
124054964	124054977	DEL	0
124898667	124898668	INS	0
127062823	127062866	DEL	0
128906267	128907136	INV	0
128906268	128907137	INV	0
129274176	129281968	DEL	0
130653793	130692625	DEL	0
132833245	132834062	TAN	0
