1135714	1135795	INV	0
1135715	1135796	INV	0
2293794	66909988	FUS	0
2293795	66912533	FUS	0
4319581	33555158	FUS	0
4319582	33555202	FUS	0
4578046	4578082	DEL	0
7326426	11072009	FUS	0
7326427	11079385	FUS	0
8674284	76212919	FUS	0
8674285	76220061	FUS	0
10263120	127317057	FUS	0
10263121	127317306	FUS	0
10951255	10954736	INV	0
10951256	10954737	INV	0
12387790	12387813	INV	0
12387791	12387814	INV	0
14749016	14749109	DEL	0
15085844	15091946	INV	0
15085845	15091947	INV	0
17673012	17737418	INV	0
17673013	17737419	INV	0
18255855	18256851	DEL	0
20177440	20182874	DEL	0
21731013	111215624	FUS	0
21731014	111219307	FUS	0
23435866	108569336	FUS	0
23435867	108572054	FUS	0
25383053	131081301	FUS	0
25383054	131137518	FUS	0
26354639	26417868	INV	0
26354640	26417869	INV	0
28207997	28208507	TAN	0
28578546	28581155	INV	0
28578547	28581156	INV	0
31132215	31134297	INV	0
31132216	31134298	INV	0
31774829	31774849	TAN	0
33555157	33555203	DEL	0
35945270	47460467	FUS	0
35945271	47467005	FUS	0
36741628	36742595	INV	0
36741629	36742596	INV	0
37542914	37542950	TAN	0
39516677	39516693	TAN	0
41095913	116926397	FUS	0
41095914	116926414	FUS	0
42635448	122336662	FUS	0
42635449	122336750	FUS	0
44240062	108893796	FUS	0
44240063	108936790	FUS	0
45562568	21123934	FUS	0
45562569	21128455	FUS	0
47460466	47467006	DEL	0
49385523	49385590	INV	0
49385524	49385591	INV	0
49718970	49718980	INV	0
49718971	49718981	INV	0
52001547	52007576	TAN	0
52558501	47847954	FUS	0
52558502	47889548	FUS	0
54759982	54858533	DEL	0
55736660	55737111	INV	0
55736661	55737112	INV	0
58119278	58088272	FUS	0
58119279	58179360	FUS	0
59809592	59862428	INV	0
59809593	59862429	INV	0
61058926	61061029	INV	0
61058927	61061030	INV	0
62784962	62785624	INV	0
62784963	62785625	INV	0
63117080	63117644	DEL	0
64878193	64943457	TAN	0
66909987	66912534	DEL	0
68495774	68502901	TAN	0
70006678	70056918	INV	0
70006679	70056919	INV	0
70874248	70874261	TAN	0
72853741	97701738	FUS	0
72853742	97702681	FUS	0
74256076	74256167	DEL	0
75181155	31729510	FUS	0
75181156	31730421	FUS	0
76513198	76513281	DEL	0
78575141	78575209	DEL	0
80772368	80772929	TAN	0
81474618	81483480	DEL	0
83411855	83478200	DEL	0
84990763	84990778	TAN	0
86659427	86659428	INS	0
87478189	87480841	DEL	0
89936240	89936559	DEL	0
90446758	90506692	TAN	0
91953699	91960197	INV	0
91953700	91960198	INV	0
93230287	93292506	TAN	0
94776306	94782121	INV	0
94776307	94782122	INV	0
96535136	96535176	TAN	0
98581139	98582137	DEL	0
99140755	99184267	INV	0
99140756	99184268	INV	0
101888217	101888294	DEL	0
102454541	102455414	TAN	0
104812445	1002967	FUS	0
104812446	1005435	FUS	0
105800478	105897165	TAN	0
107739396	107746377	INV	0
107739397	107746378	INV	0
108893795	108936791	DEL	0
110074519	110074727	TAN	0
111215623	111219308	DEL	0
112674248	33264324	FUS	0
112674249	33341485	FUS	0
115074148	115074149	INS	0
116926396	116926415	DEL	0
118169833	123527907	FUS	0
118169834	123527942	FUS	0
118751922	118761171	INV	0
118751923	118761172	INV	0
120422397	120422656	DEL	0
122336661	122336751	DEL	0
123527906	123527943	DEL	0
124502876	124503512	INV	0
124502877	124503513	INV	0
127153561	127183718	TAN	0
128253716	128253717	INS	0
129834106	129834586	TAN	0
131081300	131137519	DEL	0
132933935	132933956	TAN	0
