DEL	0	208298	208299
TAN	0	2231442	2237899
TAN	0	4162214	4182672
INV	0	5583582	5583896
INS	0	6748516	6748517
FUS	0	8876856	8876857	25879239	25880042
DEL	0	9050052	9058286
INV	0	11757724	11758033
TAN	0	12787400	12787494
TAN	0	14704221	14803666
FUS	0	15904073	15904074	38650103	38659800
FUS	0	16627330	16627331	77489054	77489131
INS	0	18268305	18268306
TAN	0	20684389	20684445
INV	0	21508568	21512146
INV	0	23350497	23354190
TAN	0	24294001	24303645
DEL	0	25879238	25880043
INV	0	28194326	28199074
INV	0	28698452	28701509
DEL	0	30582245	30582320
FUS	0	31722966	31722967	125054270	125054544
INV	0	33629219	33632783
FUS	0	35620304	35620305	74378650	74386097
FUS	0	37081497	37081498	119612200	119708986
TAN	0	38237658	38238314
INV	0	39508767	39546339
FUS	0	41676864	41676865	116021657	116048100
DEL	0	43101783	43101811
FUS	0	44769429	44769430	94751650	94758012
FUS	0	30596353	30605688	45074680	45074681
TAN	0	47934612	47940892
INV	0	48565314	48571318
TAN	0	49990682	49990764
INS	0	51777726	51777727
FUS	0	7595024	7679947	52685306	52685307
INV	0	54890941	54969986
TAN	0	55887467	55887482
TAN	0	57318544	57384250
TAN	0	59210804	59210829
FUS	0	13124912	13125218	60880665	60880666
INV	0	61673306	61677368
DEL	0	63165884	63166628
TAN	0	64722262	64728229
TAN	0	67315707	67325569
DEL	0	67842540	67849289
DEL	0	69494413	69587757
INV	0	71863490	71867269
INV	0	72648694	72743199
DEL	0	74378649	74386098
FUS	0	47696958	47723532	75977070	75977071
DEL	0	77489053	77489132
DEL	0	79411911	79412168
FUS	0	80988552	80988553	133842933	133843872
INV	0	82153464	82158009
FUS	0	28427759	28430603	83707176	83707177
FUS	0	412842	414988	85217202	85217203
INV	0	86965294	86972556
INV	0	87051391	87096088
TAN	0	88974081	89017376
DEL	0	91097180	91097831
DEL	0	92982454	92983283
INV	0	94417642	94426850
DEL	0	94751649	94758013
FUS	0	97398886	97398887	103867036	103893208
DEL	0	97821649	97825968
TAN	0	99934346	100000891
DEL	0	101363622	101363997
FUS	0	83014606	83015278	103084228	103084229
INV	0	104332064	104429979
INV	0	105813093	105813925
DEL	0	107775742	107872447
INS	0	108142549	108142550
DEL	0	110814909	110824253
FUS	0	111586501	111586502	116749441	116750345
INV	0	113108227	113108632
INS	0	115022100	115022101
DEL	0	116749440	116750346
DEL	0	118114876	118117805
DEL	0	119612199	119708987
FUS	0	88309038	88309888	120552528	120552529
INV	0	121541031	121546850
DEL	0	124447154	124447523
DEL	0	125054269	125054545
TAN	0	127032654	127032668
FUS	0	105410397	105481889	128374026	128374027
INV	0	129372872	129433154
DEL	0	130634641	130667373
TAN	0	132547441	132547498
