980699	980700	INS	0
2693692	2789450	DEL	0
4191061	49448750	FUS	0
4191062	49448804	FUS	0
5757543	5758247	DEL	0
6270585	6280190	DEL	0
8715824	32329792	FUS	0
8715825	32330539	FUS	0
9673295	35799077	FUS	0
9673296	35802463	FUS	0
11565579	11571111	DEL	0
12021644	12085754	DEL	0
13554931	84443243	FUS	0
13554932	84465781	FUS	0
15191285	15191286	INS	0
17525857	17525868	DEL	0
18024987	18025193	INV	0
18024988	18025194	INV	0
19732812	19733386	INV	0
19732813	19733387	INV	0
21169966	21223626	DEL	0
23941705	23941934	INV	0
23941706	23941935	INV	0
24746623	24805589	INV	0
24746624	24805590	INV	0
25550139	25551136	DEL	0
27703470	27704087	TAN	0
28812863	40841538	FUS	0
28812864	40848312	FUS	0
30604537	123129581	FUS	0
30604538	123129649	FUS	0
31556283	8038245	FUS	0
31556284	8045438	FUS	0
33044926	33045259	DEL	0
35799076	35802464	DEL	0
37275157	37347009	DEL	0
37614156	42453315	FUS	0
37614157	42461321	FUS	0
39160636	127229532	FUS	0
39160637	127235651	FUS	0
41869221	41869687	TAN	0
42453314	42461322	DEL	0
43642174	43651214	DEL	0
45321037	45321098	TAN	0
47182186	47274013	TAN	0
49448749	49448805	DEL	0
50912886	50941142	DEL	0
51958087	51958103	DEL	0
53790122	53790149	INV	0
53790123	53790150	INV	0
54797534	90243482	FUS	0
54797535	90327613	FUS	0
56974933	56975357	TAN	0
58235176	90165423	FUS	0
58235177	90174200	FUS	0
58519864	58583845	DEL	0
61039457	61039458	INS	0
62159974	62258281	DEL	0
64211946	64290132	DEL	0
64527176	64527237	TAN	0
67100755	32335282	FUS	0
67100756	32408730	FUS	0
68799670	68809100	INV	0
68799671	68809101	INV	0
70034198	70101893	TAN	0
71714904	71714944	TAN	0
72235459	72273827	DEL	0
74414692	74487273	TAN	0
76263431	76263741	DEL	0
76694720	45107905	FUS	0
76694721	45108640	FUS	0
78294307	78294308	INS	0
80314838	80315818	TAN	0
82411917	82417549	TAN	0
83872523	118556222	FUS	0
83872524	118556657	FUS	0
84443242	84465782	DEL	0
85915099	85920137	DEL	0
87816450	87816451	INS	0
89617490	93553940	FUS	0
89617491	93554408	FUS	0
90243481	90327614	DEL	0
92228230	92228327	DEL	0
93958856	29457226	FUS	0
93958857	29462800	FUS	0
95793059	20616465	FUS	0
95793060	20624924	FUS	0
96577001	96583009	INV	0
96577002	96583010	INV	0
97885439	121648867	FUS	0
97885440	121649300	FUS	0
99662467	99662525	INV	0
99662468	99662526	INV	0
101879385	101977028	DEL	0
102819323	102820155	TAN	0
103534170	103543966	DEL	0
105792193	92052607	FUS	0
105792194	92058698	FUS	0
107029892	116369100	FUS	0
107029893	116369144	FUS	0
109131110	109137555	TAN	0
109503947	109504035	DEL	0
112472085	112481321	TAN	0
113821313	111633024	FUS	0
113821314	111642178	FUS	0
115321462	115325398	TAN	0
116369099	116369145	DEL	0
117825793	117826272	INV	0
117825794	117826273	INV	0
118596008	118684952	TAN	0
120482591	120482609	INV	0
120482592	120482610	INV	0
121648866	121649301	DEL	0
123129580	123129650	DEL	0
124921906	124922374	DEL	0
127229531	127235652	DEL	0
127532511	127532526	TAN	0
129049332	129049360	INV	0
129049333	129049361	INV	0
130665504	130665535	INV	0
130665505	130665536	INV	0
132673360	132725991	DEL	0
