TAN	9269	48372	57640
FUS	3724	188931	188932	3213843	3217566
INS	5	269831	269832
TAN	93104	337656	430759
INV	97039	443168	540207
INV	3922	632881	636803
TAN	3440	737104	740543
TAN	4443	850380	854822
DEL	5004	936799	941804
TAN	73647	999036	1072682
INS	28	1159657	1159658
INS	11	1230029	1230030
DEL	76937	1339748	1416686
INS	17	1535266	1535267
INV	890	1554480	1555370
INS	19	1737611	1737612
TAN	6552	1824789	1831340
DEL	62611	1894486	1957098
TAN	8621	2021198	2029818
INV	558	2159240	2159798
TAN	7282	2264751	2272032
DEL	121	2352541	2352663
INS	23	2511665	2511666
INV	938	2630454	2631392
INV	548	2744253	2744801
FUS	77318	2757145	2757146	3469714	3547031
INS	16	2963530	2963531
DEL	772	3042226	3042999
TAN	34127	3154923	3189049
TAN	47622	3199599	3247220
TAN	956	3314723	3315678
FUS	198	3174764	3174961	3486270	3486271
FUS	72790	3546488	3546489	3953340	4026129
INS	11	3670305	3670306
DEL	57717	3757423	3815141
DEL	72790	3953339	4026130
DEL	597	4037945	4038543
FUS	45963	4090867	4090868	4308284	4354246
INV	155	4279850	4280005
INV	764	4345124	4345888
INS	20	4435693	4435694
INS	16	4512827	4512828
