DEL	0	1284175	1284490
FUS	0	2097399	2097400	104532724	104589052
FUS	0	4448015	4448016	41892826	41893279
FUS	0	5904903	5904904	39270273	39271036
FUS	0	6469306	6469307	35540337	35547898
INS	0	8406473	8406474
FUS	0	9003673	9003674	40101360	40104400
TAN	0	11093582	11093641
DEL	0	13479230	13483208
TAN	0	13565077	13638135
INV	0	15971112	15976676
TAN	0	17368235	17368293
TAN	0	19425671	19430882
FUS	0	20814790	20814791	71065985	71074147
INV	0	21182729	21183131
TAN	0	23143817	23144469
DEL	0	25491619	25499310
TAN	0	25667230	25668226
FUS	0	27535592	27535593	74882297	74889374
INV	0	29944892	29948534
FUS	0	31457280	31457281	49583334	49583899
INV	0	32369862	32379388
FUS	0	34134899	34134900	98070127	98104167
DEL	0	35894446	35894494
INV	0	36532377	36539358
INV	0	37508262	37565105
INV	0	39702681	39711758
DEL	0	40523507	40524213
FUS	0	43423506	43423507	80167724	80174061
FUS	0	44219584	44219585	74608936	74674378
INS	0	46172061	46172062
FUS	0	39283910	39284771	47751962	47751963
FUS	0	35874401	35875146	48392438	48392439
DEL	0	49583333	49583900
DEL	0	52183776	52230828
INV	0	53609834	53613056
TAN	0	54379974	54384403
INV	0	56031839	56085915
INS	0	58258069	58258070
DEL	0	59053964	59054006
FUS	0	61033117	61033118	130501491	130508304
DEL	0	62045762	62102168
INV	0	63261057	63294081
FUS	0	64866499	64866500	81870891	81871802
FUS	0	67085226	67085227	110454072	110454771
INV	0	68246235	68255264
DEL	0	69932441	69997480
TAN	0	71970089	71971049
TAN	0	72897339	72897431
DEL	0	74882296	74889375
DEL	0	75187857	75194450
TAN	0	77981111	77983753
TAN	0	79259930	79260457
DEL	0	80167723	80174062
TAN	0	82058097	82066234
TAN	0	83190411	83190495
FUS	0	62454535	62478146	85206753	85206754
FUS	0	25898413	25954923	85526285	85526286
TAN	0	87942106	87992706
DEL	0	89330052	89375923
FUS	0	90927692	90927693	115510816	115513514
DEL	0	91613924	91614017
INV	0	94282639	94370561
INS	0	94852162	94852163
TAN	0	96387676	96391025
DEL	0	98070126	98104168
DEL	0	100029974	100030009
INV	0	101080426	101080848
TAN	0	102541927	102542441
DEL	0	104532723	104589053
DEL	0	105845941	105846005
INV	0	106661504	106661559
TAN	0	108297697	108298206
DEL	0	109911367	109911433
INV	0	111917571	111917633
DEL	0	112665730	112666475
TAN	0	114535244	114535780
DEL	0	115510815	115513515
DEL	0	117613115	117617960
TAN	0	118883972	118890200
TAN	0	120258320	120263070
INV	0	122094777	122185015
INV	0	123441847	123447022
DEL	0	125360544	125366079
INV	0	127448637	127449511
INV	0	128480717	128490383
FUS	0	31535384	31535591	130100854	130100855
DEL	0	130501490	130508305
TAN	0	132531431	132538978
