1160221	1256821	DEL	0
2368178	2445790	INV	0
2368179	2445791	INV	0
4319667	4320616	DEL	0
4639169	4639384	DEL	0
6235668	6242630	DEL	0
8097992	8101132	DEL	0
9781016	118480340	FUS	0
9781017	118480357	FUS	0
11579777	11579869	TAN	0
12122787	12122788	INS	0
14435323	14435806	DEL	0
15345452	94263560	FUS	0
15345453	94351716	FUS	0
17045286	10585954	FUS	0
17045287	10586268	FUS	0
19157383	19157788	DEL	0
20470171	20507282	DEL	0
21481739	21481754	DEL	0
23368383	23369109	DEL	0
24721569	24722188	DEL	0
25596095	42977306	FUS	0
25596096	43065441	FUS	0
27466030	27553895	TAN	0
29894484	9899297	FUS	0
29894485	9908273	FUS	0
30704123	30704199	TAN	0
32541336	34085567	FUS	0
32541337	34086519	FUS	0
34085566	34086520	DEL	0
34505487	39014367	FUS	0
34505488	39014832	FUS	0
36296265	36326039	DEL	0
37838752	37839087	DEL	0
39566020	106993703	FUS	0
39566021	106994571	FUS	0
40595432	40688457	TAN	0
42977305	43065442	DEL	0
44423387	37392970	FUS	0
44423388	37393480	FUS	0
45150765	45159021	TAN	0
46542037	67996197	FUS	0
46542038	67996745	FUS	0
48506015	48506092	DEL	0
50539074	50586774	DEL	0
52338417	132607375	FUS	0
52338418	132633347	FUS	0
53589083	53593547	DEL	0
54012358	54079603	TAN	0
56091382	56113560	INV	0
56091383	56113561	INV	0
57517266	15718504	FUS	0
57517267	15718743	FUS	0
58927608	74171323	FUS	0
58927609	74174979	FUS	0
60247269	60247573	INV	0
60247270	60247574	INV	0
62948925	62949525	INV	0
62948926	62949526	INV	0
64479260	64479351	DEL	0
64610608	64645748	INV	0
64610609	64645749	INV	0
67457089	67457090	INS	0
67831309	67832009	DEL	0
69114301	69114354	TAN	0
71471680	71471720	TAN	0
72606956	72611396	INV	0
72606957	72611397	INV	0
74604846	74612717	INV	0
74604847	74612718	INV	0
76264286	125425963	FUS	0
76264287	125426716	FUS	0
77236906	77237873	INV	0
77236907	77237874	INV	0
79338527	79338626	DEL	0
80817289	80817354	DEL	0
81266087	91140233	FUS	0
81266088	91140246	FUS	0
83652863	83656983	TAN	0
84855301	84855593	DEL	0
85590358	85590381	DEL	0
87461174	87549944	INV	0
87461175	87549945	INV	0
89243594	89296750	DEL	0
91140232	91140247	DEL	0
92900032	92905019	DEL	0
93884264	93938309	TAN	0
94643993	94643994	INS	0
96371113	124341975	FUS	0
96371114	124342025	FUS	0
97591190	97636530	DEL	0
99975715	99976372	DEL	0
101778969	101785481	TAN	0
102409366	102417386	TAN	0
103658716	54122249	FUS	0
103658717	54190700	FUS	0
105982102	105992055	TAN	0
107593313	107642204	TAN	0
108067732	127438236	FUS	0
108067733	127440724	FUS	0
110526053	110526105	TAN	0
111682830	111690228	DEL	0
112756930	112757022	INV	0
112756931	112757023	INV	0
114388544	114425648	INV	0
114388545	114425649	INV	0
116011255	116018843	INV	0
116011256	116018844	INV	0
118480339	118480358	DEL	0
119451150	119506858	DEL	0
120230387	54433734	FUS	0
120230388	54442923	FUS	0
121668445	121668446	INS	0
124341974	124342026	DEL	0
125425962	125426717	DEL	0
127438235	127440725	DEL	0
127867569	127868136	TAN	0
130127021	130127589	INV	0
130127022	130127590	INV	0
130789536	91362308	FUS	0
130789537	91453832	FUS	0
132607374	132633348	DEL	0
