1175848	1175862	TAN	0
1568977	121514051	FUS	0
1568978	121519360	FUS	0
4155958	4156025	INV	0
4155959	4156026	INV	0
5757392	5758111	TAN	0
6004922	6082776	DEL	0
8513724	8545887	TAN	0
10113819	10113833	TAN	0
10858181	10923259	DEL	0
12655210	12655309	INV	0
12655211	12655310	INV	0
14882105	14882162	DEL	0
15349335	15444053	INV	0
15349336	15444054	INV	0
17911783	17911823	DEL	0
19366720	19366733	INV	0
19366721	19366734	INV	0
20388038	20388461	DEL	0
21985188	22076825	DEL	0
22651351	22651992	TAN	0
24413938	38731016	FUS	0
24413939	38731386	FUS	0
26569803	26647894	TAN	0
28062469	28133928	DEL	0
29702094	59422521	FUS	0
29702095	59422585	FUS	0
30573988	30583073	INV	0
30573989	30583074	INV	0
31717293	31723132	DEL	0
33444432	33444433	INS	0
35227153	35227154	INS	0
36202945	36202966	INV	0
36202946	36202967	INV	0
38731015	38731387	DEL	0
40201403	40202271	DEL	0
40616576	40617527	TAN	0
42947952	42980567	DEL	0
44477172	44478068	TAN	0
45181104	45250857	DEL	0
47993913	47994691	TAN	0
48587616	118093134	FUS	0
48587617	118156953	FUS	0
50972500	50981369	INV	0
50972501	50981370	INV	0
51270235	51270965	INV	0
51270236	51270966	INV	0
53453339	53545882	DEL	0
55059276	55064148	DEL	0
55847835	55847836	INS	0
57915121	57915816	DEL	0
59422520	59422586	DEL	0
60319994	23779964	FUS	0
60319995	23780735	FUS	0
62183479	40248125	FUS	0
62183480	40338485	FUS	0
64335104	64335146	INV	0
64335105	64335147	INV	0
65394014	82210202	FUS	0
65394015	82219879	FUS	0
66313038	66313107	DEL	0
68210661	68279897	DEL	0
70426129	70427057	TAN	0
70831301	70836266	DEL	0
72450368	72458794	DEL	0
73951602	73979328	DEL	0
75427455	77915075	FUS	0
75427456	77925017	FUS	0
77915074	77925018	DEL	0
78158302	78217145	DEL	0
80615295	80615712	DEL	0
82209392	82209465	DEL	0
82518882	82602360	INV	0
82518883	82602361	INV	0
84895729	84896144	DEL	0
86256803	86334662	INV	0
86256804	86334663	INV	0
87127586	87154502	DEL	0
89662240	89683235	DEL	0
90195395	115875613	FUS	0
90195396	115901708	FUS	0
92635039	92635040	INS	0
94249767	94254410	INV	0
94249768	94254411	INV	0
94860776	88256276	FUS	0
94860777	88256868	FUS	0
97471325	97474350	TAN	0
98159629	98243890	INV	0
98159630	98243891	INV	0
99701642	99788227	INV	0
99701643	99788228	INV	0
101813519	101813572	DEL	0
102521269	102581420	INV	0
102521270	102581421	INV	0
104737847	104832614	DEL	0
105722421	105725404	TAN	0
107189648	107189708	TAN	0
109165601	33273059	FUS	0
109165602	33273852	FUS	0
110057567	110057822	TAN	0
111322025	104253405	FUS	0
111322026	104253637	FUS	0
113006479	70777848	FUS	0
113006480	70782133	FUS	0
114382759	114425823	INV	0
114382760	114425824	INV	0
116619510	116619511	INS	0
118191942	118191943	INS	0
119300892	119303412	DEL	0
120104961	120111577	DEL	0
122768350	122776037	DEL	0
123001376	123046507	DEL	0
125408941	125413602	TAN	0
126051336	126051627	INV	0
126051337	126051628	INV	0
127854933	94080917	FUS	0
127854934	94088385	FUS	0
130066560	130066878	TAN	0
131708168	131713807	DEL	0
132578466	132587779	DEL	0
