273496	72293038	FUS	0
273497	72302690	FUS	0
2288180	2288237	TAN	0
3108305	3108594	TAN	0
4507919	4508015	DEL	0
6108054	6108801	DEL	0
8491585	102608157	FUS	0
8491586	102608949	FUS	0
10457689	10457779	TAN	0
11839013	11839319	TAN	0
12038869	12043211	DEL	0
14653699	30642730	FUS	0
14653700	30643115	FUS	0
15707285	15764890	INV	0
15707286	15764891	INV	0
17266613	17357062	TAN	0
18669877	18670395	DEL	0
20950829	20958816	DEL	0
21138284	21141450	TAN	0
23317966	23318307	INV	0
23317967	23318308	INV	0
24227617	24236031	DEL	0
26349597	26427475	DEL	0
27266385	27266663	TAN	0
29459764	29497397	INV	0
29459765	29497398	INV	0
31427427	31431996	INV	0
31427428	31431997	INV	0
32169701	103276582	FUS	0
32169702	103281761	FUS	0
33878201	33878261	TAN	0
34999453	72854179	FUS	0
34999454	72854205	FUS	0
36616500	36702609	INV	0
36616501	36702610	INV	0
38012983	38054630	INV	0
38012984	38054631	INV	0
39599600	39599649	TAN	0
40781569	40781649	INV	0
40781570	40781650	INV	0
43394213	43394312	INV	0
43394214	43394313	INV	0
44951478	44960505	TAN	0
45095717	505941	FUS	0
45095718	506637	FUS	0
47234276	47234371	INV	0
47234277	47234372	INV	0
49340367	40027184	FUS	0
49340368	40027518	FUS	0
49931380	49931412	DEL	0
51269838	51270642	DEL	0
53222199	53226361	TAN	0
55099955	55100620	DEL	0
56784691	96454732	FUS	0
56784692	96464330	FUS	0
57432222	26450152	FUS	0
57432223	26537487	FUS	0
58756989	58757026	DEL	0
61387282	61390668	DEL	0
62657533	104357530	FUS	0
62657534	104358027	FUS	0
64264063	64360089	INV	0
64264064	64360090	INV	0
65360867	65446925	DEL	0
66229621	84296564	FUS	0
66229622	84303076	FUS	0
68239246	68265734	TAN	0
69145590	69146481	INV	0
69145591	69146482	INV	0
71445117	70476719	FUS	0
71445118	70555184	FUS	0
72854178	72854206	DEL	0
74917890	74918295	INV	0
74917891	74918296	INV	0
75180885	75181837	INV	0
75180886	75181838	INV	0
77204615	77205516	DEL	0
79389136	79418202	INV	0
79389137	79418203	INV	0
80357888	80386297	INV	0
80357889	80386298	INV	0
81266335	81267104	TAN	0
82900536	82955067	TAN	0
84433603	84476804	TAN	0
86922765	86925632	TAN	0
87812871	87813648	TAN	0
89942543	17306824	FUS	0
89942544	17311385	FUS	0
90659054	90659382	DEL	0
92548905	92549172	TAN	0
94014179	94014568	INV	0
94014180	94014569	INV	0
95447086	114046976	FUS	0
95447087	114047704	FUS	0
96454731	96464331	DEL	0
97724659	97725475	DEL	0
99575990	99583985	DEL	0
101552147	101552148	INS	0
102422004	102422534	INV	0
102422005	102422535	INV	0
104357529	104358028	DEL	0
106261702	106261728	INV	0
106261703	106261729	INV	0
106606017	106606754	TAN	0
108346406	108347226	TAN	0
110891790	110896499	TAN	0
112414839	112415206	INV	0
112414840	112415207	INV	0
113023169	113023199	DEL	0
114046975	114047705	DEL	0
116180793	116185650	TAN	0
117680589	117770727	DEL	0
119817012	119874619	TAN	0
120426562	120426981	TAN	0
121998478	122003973	INV	0
121998479	122003974	INV	0
123721554	123779894	INV	0
123721555	123779895	INV	0
124608422	124609392	DEL	0
126989278	126989279	INS	0
128981966	128986298	DEL	0
129808104	129856132	INV	0
129808105	129856133	INV	0
130668486	130668496	TAN	0
132457445	132462588	TAN	0
