527828	528433	TAN	0
2136910	105899327	FUS	0
2136911	105907720	FUS	0
3846760	81455718	FUS	0
3846761	81461773	FUS	0
5565786	5570310	TAN	0
7199114	7199115	INS	0
8521600	10146620	FUS	0
8521601	10168078	FUS	0
10146619	10168079	DEL	0
11135433	11135994	DEL	0
13321093	13321160	TAN	0
14733258	14733295	INV	0
14733259	14733296	INV	0
16172020	16176445	INV	0
16172021	16176446	INV	0
17629908	17629938	INV	0
17629909	17629939	INV	0
18607954	72249075	FUS	0
18607955	72304808	FUS	0
20892895	20936377	DEL	0
21818051	69055654	FUS	0
21818052	69055671	FUS	0
22509726	22589998	TAN	0
24528962	24537879	TAN	0
26788849	26792349	DEL	0
27616797	27622129	TAN	0
29676927	29677580	INV	0
29676928	29677581	INV	0
30906772	94592992	FUS	0
30906773	94652799	FUS	0
31766465	31769110	TAN	0
33307319	79625010	FUS	0
33307320	79625501	FUS	0
34917308	34918212	INV	0
34917309	34918213	INV	0
36230966	52091096	FUS	0
36230967	52091399	FUS	0
38232049	38241740	TAN	0
39242419	39242433	TAN	0
41736566	41736925	DEL	0
42123886	42128906	INV	0
42123887	42128907	INV	0
43676107	43676317	INV	0
43676108	43676318	INV	0
45753009	45753094	DEL	0
47345636	47389880	INV	0
47345637	47389881	INV	0
48781459	48835829	DEL	0
50393733	50394090	TAN	0
52157128	52157963	INV	0
52157129	52157964	INV	0
53390961	53391034	TAN	0
54364334	16329854	FUS	0
54364335	16330652	FUS	0
56393039	65199113	FUS	0
56393040	65200026	FUS	0
57036455	57036877	DEL	0
59247715	59277622	TAN	0
60528286	94171353	FUS	0
60528287	94204579	FUS	0
62194409	62195215	DEL	0
63276475	63318449	INV	0
63276476	63318450	INV	0
65786458	53369193	FUS	0
65786459	53441151	FUS	0
66323609	66323656	DEL	0
68684637	68684694	DEL	0
69055653	69055672	DEL	0
70636819	70637237	TAN	0
72249074	72304809	DEL	0
74992153	74992178	DEL	0
76480877	76488730	TAN	0
77805737	77805987	DEL	0
78940519	78966730	INV	0
78940520	78966731	INV	0
80115603	37671878	FUS	0
80115604	37746916	FUS	0
81743742	109309507	FUS	0
81743743	109309919	FUS	0
83926054	83926595	DEL	0
85395725	131931280	FUS	0
85395726	132009008	FUS	0
86918578	86955717	DEL	0
87758289	87851486	INV	0
87758290	87851487	INV	0
89819804	89900585	INV	0
89819805	89900586	INV	0
90778607	109557759	FUS	0
90778608	109593331	FUS	0
92836083	92836159	INV	0
92836084	92836160	INV	0
93619661	2106646	FUS	0
93619662	2107552	FUS	0
94699541	94723538	INV	0
94699542	94723539	INV	0
97095592	97095593	INS	0
98841274	98841275	INS	0
99853869	99853954	TAN	0
100795462	100795492	TAN	0
103016517	103075236	DEL	0
104527651	104535284	INV	0
104527652	104535285	INV	0
105899326	105907721	DEL	0
106774791	106781769	INV	0
106774792	106781770	INV	0
109309506	109309920	DEL	0
109557758	109593332	DEL	0
112052949	112052950	INS	0
112577361	90470465	FUS	0
112577362	90567787	FUS	0
114274274	114274275	INS	0
116839880	116936022	DEL	0
117679205	117759563	INV	0
117679206	117759564	INV	0
119714311	119714339	INV	0
119714312	119714340	INV	0
120341793	120342062	TAN	0
122310722	122311587	TAN	0
124338328	124421683	DEL	0
125705747	125745815	INV	0
125705748	125745816	INV	0
126724395	126725019	TAN	0
127860241	127886156	DEL	0
129733119	129735417	DEL	0
131931279	132009009	DEL	0
132382346	132382839	DEL	0
