1090239	1100189	TAN	0
2360256	118104928	FUS	0
2360257	118107538	FUS	0
3183030	120281711	FUS	0
3183031	120338649	FUS	0
5925352	5925376	DEL	0
6044288	6044377	TAN	0
8552629	8556297	DEL	0
9067277	9145890	INV	0
9067278	9145891	INV	0
10516617	10563521	INV	0
10516618	10563522	INV	0
12346641	62647165	FUS	0
12346642	62648075	FUS	0
14590289	14618979	TAN	0
16476604	16477479	TAN	0
16996516	17004982	DEL	0
18571094	50247438	FUS	0
18571095	50247467	FUS	0
20996328	20996425	INV	0
20996329	20996426	INV	0
21235168	21244699	TAN	0
22792230	126621007	FUS	0
22792231	126627841	FUS	0
24666149	119706912	FUS	0
24666150	119712856	FUS	0
26917689	26917690	INS	0
27884940	27885668	INV	0
27884941	27885669	INV	0
28669902	104135460	FUS	0
28669903	104139333	FUS	0
30453850	87154296	FUS	0
30453851	87160274	FUS	0
32349039	32349797	TAN	0
34307083	34313410	DEL	0
34752608	34753240	INV	0
34752609	34753241	INV	0
36152760	36161746	INV	0
36152761	36161747	INV	0
38186899	50473075	FUS	0
38186900	50505309	FUS	0
39302978	39378456	TAN	0
41209407	41209482	TAN	0
43082236	128794748	FUS	0
43082237	128795327	FUS	0
43671265	43671319	TAN	0
45854676	45860933	INV	0
45854677	45860934	INV	0
46827113	46827650	DEL	0
48500453	48501063	DEL	0
50247437	50247468	DEL	0
51378697	51382006	INV	0
51378698	51382007	INV	0
53731616	105637792	FUS	0
53731617	105702067	FUS	0
54580848	95622614	FUS	0
54580849	95677206	FUS	0
55724896	104845693	FUS	0
55724897	104846593	FUS	0
57904758	90314240	FUS	0
57904759	90314273	FUS	0
59596647	59598711	TAN	0
60033947	86024531	FUS	0
60033948	86033136	FUS	0
62985375	62992651	TAN	0
63639947	63640011	INV	0
63639948	63640012	INV	0
64874425	64883073	TAN	0
66877771	66878342	TAN	0
67629982	67634096	INV	0
67629983	67634097	INV	0
69725514	69731661	DEL	0
71592948	71661504	TAN	0
73043420	73043500	DEL	0
74646407	74647387	INV	0
74646408	74647388	INV	0
76421243	32500307	FUS	0
76421244	32500539	FUS	0
77475845	77498756	DEL	0
78272004	78272805	INV	0
78272005	78272806	INV	0
80377717	80411542	DEL	0
81146862	81153301	TAN	0
82650575	82651026	DEL	0
85404283	85407534	TAN	0
86628756	86628798	INV	0
86628757	86628799	INV	0
87523110	87526849	DEL	0
89702371	89702460	DEL	0
90314239	90314274	DEL	0
91611247	91611877	DEL	0
93473089	110007690	FUS	0
93473090	110013595	FUS	0
95622613	95677207	DEL	0
97081200	124267577	FUS	0
97081201	124306006	FUS	0
98628356	98707335	TAN	0
100310054	100315540	TAN	0
101892076	113259147	FUS	0
101892077	113259396	FUS	0
102262501	102267029	TAN	0
104802076	104802857	TAN	0
105637791	105702068	DEL	0
106527133	106529831	DEL	0
108353061	108353139	DEL	0
110007689	110013596	DEL	0
111904753	111904754	INS	0
113259146	113259397	DEL	0
114801518	114808812	DEL	0
115594719	115595283	DEL	0
118104927	118107539	DEL	0
119706911	119712857	DEL	0
120281710	120338650	DEL	0
122513002	122517848	DEL	0
123459516	123459578	TAN	0
125994237	93124240	FUS	0
125994238	93124954	FUS	0
126513990	126514236	DEL	0
128515657	5667529	FUS	0
128515658	5709932	FUS	0
129775493	129784685	INV	0
129775494	129784686	INV	0
131512357	131515866	INV	0
131512358	131515867	INV	0
132677765	132718342	DEL	0
