323583	93160301	FUS	0
323584	93169891	FUS	0
2309384	2309919	TAN	0
3432043	3432070	TAN	0
5429075	75470586	FUS	0
5429076	75471463	FUS	0
6954718	6955226	DEL	0
8424085	8424098	TAN	0
10020056	10020735	TAN	0
11328072	11328726	INV	0
11328073	11328727	INV	0
12725889	12818199	TAN	0
14983696	14983737	INV	0
14983697	14983738	INV	0
15557292	79735209	FUS	0
15557293	79744825	FUS	0
17475955	35661705	FUS	0
17475956	35664653	FUS	0
19281043	19281288	DEL	0
20863050	20866593	TAN	0
21525108	21530873	TAN	0
23250122	70092707	FUS	0
23250123	70095265	FUS	0
24099984	24100028	DEL	0
26211687	26211729	TAN	0
27205092	27210998	DEL	0
28786877	30561691	FUS	0
28786878	30561789	FUS	0
30561690	30561790	DEL	0
31628650	31706534	INV	0
31628651	31706535	INV	0
33634036	61295176	FUS	0
33634037	61303497	FUS	0
35735718	35802704	DEL	0
36748017	63601945	FUS	0
36748018	63664815	FUS	0
37709830	50610998	FUS	0
37709831	50611025	FUS	0
39969060	39971207	INV	0
39969061	39971208	INV	0
40885700	95520954	FUS	0
40885701	95524608	FUS	0
42136252	42140699	INV	0
42136253	42140700	INV	0
43921538	66856611	FUS	0
43921539	66863257	FUS	0
45046413	45047271	DEL	0
47082484	77881824	FUS	0
47082485	77908150	FUS	0
48720381	48770881	TAN	0
50610997	50611026	DEL	0
51816078	51816176	DEL	0
52898337	52898348	INV	0
52898338	52898349	INV	0
54786671	82535718	FUS	0
54786672	82542383	FUS	0
56529427	102405503	FUS	0
56529428	102405963	FUS	0
57558023	57651610	TAN	0
59055721	59055762	DEL	0
61295175	61303498	DEL	0
62181661	62181662	INS	0
63601944	63664816	DEL	0
64811108	64811109	INS	0
67354773	84721718	FUS	0
67354774	84730004	FUS	0
67888196	88034067	FUS	0
67888197	88042511	FUS	0
70257375	82030547	FUS	0
70257376	82038338	FUS	0
71385699	71438599	INV	0
71385700	71438600	INV	0
73437544	128621802	FUS	0
73437545	128646116	FUS	0
74962893	65626631	FUS	0
74962894	65627496	FUS	0
75850756	75854053	INV	0
75850757	75854054	INV	0
77702239	100639844	FUS	0
77702240	100669688	FUS	0
79153014	79242061	DEL	0
79735208	79744826	DEL	0
82030546	82038339	DEL	0
82535717	82542384	DEL	0
84056497	61165518	FUS	0
84056498	61166287	FUS	0
86669327	86669424	INV	0
86669328	86669425	INV	0
87299060	87301703	TAN	0
89210464	89219526	TAN	0
90163011	90233707	INV	0
90163012	90233708	INV	0
91660010	118327822	FUS	0
91660011	118333059	FUS	0
94401824	94401885	DEL	0
95618170	95618199	INV	0
95618171	95618200	INV	0
97372930	97449183	DEL	0
98459259	98459768	TAN	0
100199494	100199706	DEL	0
100639843	100669689	DEL	0
102707886	132541866	FUS	0
102707887	132550406	FUS	0
104730900	104731574	INV	0
104730901	104731575	INV	0
106272038	106272094	DEL	0
106621560	106673927	INV	0
106621561	106673928	INV	0
109301536	109307289	DEL	0
110939344	110939412	INV	0
110939345	110939413	INV	0
111606234	111634744	DEL	0
113226842	113226853	INV	0
113226843	113226854	INV	0
114289845	133684498	FUS	0
114289846	133684537	FUS	0
116554533	116563311	DEL	0
118327821	118333060	DEL	0
119757632	119778102	DEL	0
120844795	76981532	FUS	0
120844796	76983590	FUS	0
122309858	122318883	INV	0
122309859	122318884	INV	0
123144836	123144897	DEL	0
124652743	124653480	TAN	0
126796453	126796537	TAN	0
128531282	128566233	INV	0
128531283	128566234	INV	0
129289931	129293453	DEL	0
131077948	131077998	INV	0
131077949	131077999	INV	0
132835429	132881531	DEL	0
