769767	769768	INS	0
2306646	24547574	FUS	0
2306647	24547813	FUS	0
3194184	3194584	TAN	0
4693301	35693397	FUS	0
4693302	35694368	FUS	0
6968894	72776248	FUS	0
6968895	72777116	FUS	0
8801845	8811373	TAN	0
9828145	9829077	DEL	0
11105834	28482715	FUS	0
11105835	28482980	FUS	0
13085477	56243812	FUS	0
13085478	56244432	FUS	0
14979678	14979700	INV	0
14979679	14979701	INV	0
15873192	15882571	DEL	0
16961435	102963994	FUS	0
16961436	102964009	FUS	0
19131771	19132391	DEL	0
20866137	20866655	INV	0
20866138	20866656	INV	0
22058133	22058225	DEL	0
23703108	23703109	INS	0
24547573	24547814	DEL	0
26855377	26855453	INV	0
26855378	26855454	INV	0
28482714	28482981	DEL	0
28909363	28910278	INV	0
28909364	28910279	INV	0
30922068	52525740	FUS	0
30922069	52530615	FUS	0
32197186	32225772	INV	0
32197187	32225773	INV	0
33545591	65108106	FUS	0
33545592	65108434	FUS	0
35693396	35694369	DEL	0
36130800	36130847	INV	0
36130801	36130848	INV	0
38526254	38526331	INV	0
38526255	38526332	INV	0
40210929	94636575	FUS	0
40210930	94640563	FUS	0
41935706	41941247	DEL	0
42492955	42492994	TAN	0
44617826	44617913	DEL	0
45051631	109135552	FUS	0
45051632	109139098	FUS	0
46617496	76594073	FUS	0
46617497	76594090	FUS	0
48307431	83970851	FUS	0
48307432	84030274	FUS	0
50125037	106824646	FUS	0
50125038	106832165	FUS	0
52469318	52469356	INV	0
52469319	52469357	INV	0
52768833	52769659	DEL	0
54599126	90208561	FUS	0
54599127	90241423	FUS	0
56041308	97131807	FUS	0
56041309	97135641	FUS	0
58140025	58212056	DEL	0
59406985	104050099	FUS	0
59406986	104050957	FUS	0
60669013	60677074	DEL	0
61796430	15846513	FUS	0
61796431	15853343	FUS	0
63738734	63739215	INV	0
63738735	63739216	INV	0
65108105	65108435	DEL	0
66051731	66145275	INV	0
66051732	66145276	INV	0
68831441	69436499	FUS	0
68831442	69436509	FUS	0
69436498	69436510	DEL	0
71536718	71537679	DEL	0
73026617	73026618	INS	0
73896624	127803951	FUS	0
73896625	127859388	FUS	0
76489268	76489356	INV	0
76489269	76489357	INV	0
76594072	76594091	DEL	0
78761830	78793349	DEL	0
80739732	80739827	TAN	0
81923278	81923579	INV	0
81923279	81923580	INV	0
83754128	83754440	TAN	0
84682597	84685739	INV	0
84682598	84685740	INV	0
86148606	86148607	INS	0
87787907	87833510	TAN	0
88971489	88980445	INV	0
88971490	88980446	INV	0
90208560	90241424	DEL	0
92226203	92227076	TAN	0
93274823	741607	FUS	0
93274824	826589	FUS	0
94636574	94640564	DEL	0
97383946	97451544	DEL	0
98906373	98913810	TAN	0
99551254	99602632	INV	0
99551255	99602633	INV	0
101159030	101190106	DEL	0
102963993	102964010	DEL	0
104050098	104050958	DEL	0
106065726	106068865	TAN	0
107311968	107312043	INV	0
107311969	107312044	INV	0
108821519	108821545	TAN	0
110472614	110548988	TAN	0
112361136	63146460	FUS	0
112361137	63146870	FUS	0
112717158	112720114	TAN	0
115445369	115446182	INV	0
115445370	115446183	INV	0
116081475	116081508	DEL	0
117860217	100166633	FUS	0
117860218	100196230	FUS	0
119388634	119395707	DEL	0
120873924	25554354	FUS	0
120873925	25578847	FUS	0
122291819	122292086	TAN	0
123484253	123488718	DEL	0
124542777	124543305	DEL	0
126666778	44458591	FUS	0
126666779	44482660	FUS	0
128405452	128405532	INV	0
128405453	128405533	INV	0
129363261	44097115	FUS	0
129363262	44105287	FUS	0
130920241	130920544	TAN	0
133435910	133435911	INS	0
