380305	476313	DEL	0
2900655	2900734	DEL	0
3775563	3775992	DEL	0
5657389	5657453	DEL	0
6677723	6683216	TAN	0
7870539	7870591	DEL	0
10402494	10402506	TAN	0
11813129	11813817	INV	0
11813130	11813818	INV	0
13446388	68423375	FUS	0
13446389	68423978	FUS	0
14278113	14362650	DEL	0
16136308	16168892	INV	0
16136309	16168893	INV	0
17695849	17699026	TAN	0
18738470	114463598	FUS	0
18738471	114470406	FUS	0
20446802	20446875	TAN	0
21933878	49380821	FUS	0
21933879	49382925	FUS	0
23408497	23408549	INV	0
23408498	23408550	INV	0
25391137	25391202	INV	0
25391138	25391203	INV	0
26512894	26518951	DEL	0
27377240	27379288	DEL	0
28927643	28927714	TAN	0
31427683	31427749	TAN	0
32644822	32653414	DEL	0
33795245	33795246	INS	0
35179395	35179430	TAN	0
36898163	112629482	FUS	0
36898164	112693925	FUS	0
37557206	37561611	DEL	0
40099534	40100037	DEL	0
41198665	58684901	FUS	0
41198666	58736838	FUS	0
43268005	43268678	TAN	0
43797965	43798057	TAN	0
45079717	45080685	DEL	0
47454760	47455228	INV	0
47454761	47455229	INV	0
49066595	49134039	DEL	0
50998709	50999674	INV	0
50998710	50999675	INV	0
51434444	51435177	DEL	0
53999837	53999878	TAN	0
55182552	94860682	FUS	0
55182553	94868205	FUS	0
56625399	56625489	INV	0
56625400	56625490	INV	0
57378844	125755091	FUS	0
57378845	125755729	FUS	0
58684900	58736839	DEL	0
61109666	61110214	INV	0
61109667	61110215	INV	0
62349366	62433870	TAN	0
63155448	11868123	FUS	0
63155449	11928508	FUS	0
65317307	296955	FUS	0
65317308	305901	FUS	0
66700681	66701233	TAN	0
68423374	68423979	DEL	0
70219372	117657120	FUS	0
70219373	117657210	FUS	0
71056931	71057640	INV	0
71056932	71057641	INV	0
72296808	72297723	DEL	0
74317787	47556647	FUS	0
74317788	47556863	FUS	0
75068248	75077862	TAN	0
76663240	76671938	TAN	0
78969564	78969797	TAN	0
79609065	81129553	FUS	0
79609066	81129941	FUS	0
81129552	81129942	DEL	0
83245076	25440337	FUS	0
83245077	25440920	FUS	0
84932677	84975757	TAN	0
85781727	85790572	TAN	0
87571504	87571854	INV	0
87571505	87571855	INV	0
88825788	88869621	TAN	0
90655668	90749199	DEL	0
92945072	92945473	DEL	0
93347462	93347463	INS	0
95595921	95652739	DEL	0
97494434	97494456	DEL	0
97902436	97907147	TAN	0
99675657	99676642	DEL	0
100798886	100805544	INV	0
100798887	100805545	INV	0
103439977	103499427	DEL	0
103570643	103579547	DEL	0
105796656	73860304	FUS	0
105796657	73861205	FUS	0
107046295	107046694	TAN	0
108139614	108147929	TAN	0
109774223	109774224	INS	0
112451818	112458654	DEL	0
112629481	112693926	DEL	0
114463597	114470407	DEL	0
116499018	116499019	INS	0
117657119	117657211	DEL	0
119569903	119615970	INV	0
119569904	119615971	INV	0
120300128	120345022	DEL	0
122409036	124371399	FUS	0
122409037	124371420	FUS	0
124371398	124371421	DEL	0
125755090	125755730	DEL	0
127158290	35463881	FUS	0
127158291	35472746	FUS	0
128219484	60223631	FUS	0
128219485	60224189	FUS	0
129242557	129325145	DEL	0
130694205	130694271	INV	0
130694206	130694272	INV	0
132130992	132131009	TAN	0
