733861	734838	DEL	0
2469434	2507596	INV	0
2469435	2507597	INV	0
3103575	3103845	DEL	0
5647181	5685211	TAN	0
6045815	6054247	TAN	0
7946867	46989886	FUS	0
7946868	46990294	FUS	0
10381985	10446379	TAN	0
10631298	28242598	FUS	0
10631299	28242640	FUS	0
12136919	12141424	TAN	0
14846711	14846721	INV	0
14846712	14846722	INV	0
16470244	16470245	INS	0
16839324	16840255	INV	0
16839325	16840256	INV	0
18346817	18347583	INV	0
18346818	18347584	INV	0
19762005	93108393	FUS	0
19762006	93109128	FUS	0
21027665	21028284	DEL	0
23198598	90991875	FUS	0
23198599	90992169	FUS	0
24571447	24576101	TAN	0
26430749	26434544	TAN	0
28242597	28242641	DEL	0
29506791	29506807	TAN	0
30506057	30506069	INV	0
30506058	30506070	INV	0
32742342	32742544	DEL	0
33605781	8942620	FUS	0
33605782	8943369	FUS	0
35685464	35686280	INV	0
35685465	35686281	INV	0
36961958	36962325	TAN	0
38500223	99884074	FUS	0
38500224	99891419	FUS	0
39046836	39046918	DEL	0
41127763	112384459	FUS	0
41127764	112391871	FUS	0
42336900	42336953	DEL	0
43654961	43662416	DEL	0
45492031	40345795	FUS	0
45492032	40352727	FUS	0
46989885	46990295	DEL	0
48510452	48516857	INV	0
48510453	48516858	INV	0
50012051	50012052	INS	0
52452217	77308537	FUS	0
52452218	77308963	FUS	0
53239742	53240204	DEL	0
54622086	54622131	DEL	0
55828886	55829515	INV	0
55828887	55829516	INV	0
57095297	57096247	DEL	0
59170757	59171431	INV	0
59170758	59171432	INV	0
60394285	100372601	FUS	0
60394286	100372983	FUS	0
61530832	61530927	DEL	0
64484439	64484959	TAN	0
65041465	39890075	FUS	0
65041466	39927263	FUS	0
66782673	66850855	DEL	0
68368878	68372669	DEL	0
69166333	69249233	INV	0
69166334	69249234	INV	0
71342588	103512985	FUS	0
71342589	103520036	FUS	0
73037571	73037890	DEL	0
74195417	74195685	DEL	0
75481965	75482046	TAN	0
77779561	77779641	TAN	0
78308803	78309414	INV	0
78308804	78309415	INV	0
79840685	79907545	DEL	0
82389356	82409396	DEL	0
83514777	83515157	TAN	0
84485232	84535581	DEL	0
86446923	112966379	FUS	0
86446924	112972045	FUS	0
88266961	88362727	INV	0
88266962	88362728	INV	0
89458620	89467068	DEL	0
90991874	90992170	DEL	0
92193881	96808642	FUS	0
92193882	96812553	FUS	0
93760501	93760839	INV	0
93760502	93760840	INV	0
94996789	94996827	DEL	0
96961083	97053974	INV	0
96961084	97053975	INV	0
98788770	99977157	FUS	0
98788771	100036334	FUS	0
99977156	100036335	DEL	0
101624426	104531668	FUS	0
101624427	104536130	FUS	0
102707205	102715870	INV	0
102707206	102715871	INV	0
103512984	103520037	DEL	0
105194098	105194146	TAN	0
107867002	107953938	INV	0
107867003	107953939	INV	0
108383542	108389704	INV	0
108383543	108389705	INV	0
110717998	110748509	INV	0
110717999	110748510	INV	0
112384458	112391872	DEL	0
113156782	80479695	FUS	0
113156783	80573307	FUS	0
114361053	114361144	DEL	0
116503087	116503102	DEL	0
118313333	118403758	DEL	0
119604442	119610458	TAN	0
120606272	120693581	INV	0
120606273	120693582	INV	0
121772786	121773194	TAN	0
123859208	123860132	DEL	0
125136488	125138802	DEL	0
127487313	127487314	INS	0
128104554	128104602	INV	0
128104555	128104603	INV	0
129036689	129036732	TAN	0
131561821	131564310	DEL	0
133033644	133034279	DEL	0
