590390	119964586	FUS	0
590391	119964931	FUS	0
1951381	33370332	FUS	0
1951382	33410438	FUS	0
3405402	3405900	INV	0
3405403	3405901	INV	0
5842536	5842583	DEL	0
6946714	76223964	FUS	0
6946715	76228752	FUS	0
8448153	8453552	TAN	0
10118073	26937345	FUS	0
10118074	26944401	FUS	0
11466352	11466770	DEL	0
12757985	12758787	TAN	0
14767513	49478957	FUS	0
14767514	49547873	FUS	0
15235577	15236449	INV	0
15235578	15236450	INV	0
17697873	69823502	FUS	0
17697874	69823530	FUS	0
18715750	83305905	FUS	0
18715751	83404739	FUS	0
20007272	20057909	DEL	0
22302173	66569692	FUS	0
22302174	66658512	FUS	0
23228198	23228736	DEL	0
25151447	17710809	FUS	0
25151448	17741208	FUS	0
26578037	26578642	DEL	0
28468153	28468989	DEL	0
28790448	90022442	FUS	0
28790449	90099293	FUS	0
30750018	66966025	FUS	0
30750019	66966763	FUS	0
32554542	32558492	TAN	0
34224293	34224294	INS	0
35238932	52709172	FUS	0
35238933	52789172	FUS	0
36509316	36509655	DEL	0
38620262	38679923	INV	0
38620263	38679924	INV	0
39771997	39832253	TAN	0
41477220	41481544	TAN	0
42311996	42312048	TAN	0
44704177	81506082	FUS	0
44704178	81506434	FUS	0
45399624	59585781	FUS	0
45399625	59589147	FUS	0
47667480	47713838	DEL	0
49478956	49547874	DEL	0
49630577	49707482	DEL	0
51403201	51475729	TAN	0
52709171	52789173	DEL	0
54484630	54484673	INV	0
54484631	54484674	INV	0
56190213	56190283	INV	0
56190214	56190284	INV	0
57814258	57823935	DEL	0
59278353	59278398	DEL	0
60462311	60462800	TAN	0
62280147	62280203	INV	0
62280148	62280204	INV	0
64076510	42469105	FUS	0
64076511	42477941	FUS	0
65176650	65176728	DEL	0
66569691	66658513	DEL	0
68123708	68124057	TAN	0
69823501	69823531	DEL	0
71841462	71849287	TAN	0
72523061	72523565	INV	0
72523062	72523566	INV	0
74237733	74237734	INS	0
75704480	75756089	TAN	0
77941774	77945483	TAN	0
79267991	79268087	TAN	0
80242636	80243498	TAN	0
81506081	81506435	DEL	0
82522573	82522593	INV	0
82522574	82522594	INV	0
85056055	27986578	FUS	0
85056056	27991478	FUS	0
85982944	85983028	INV	0
85982945	85983029	INV	0
87078253	87078350	TAN	0
88693561	88734491	INV	0
88693562	88734492	INV	0
90022441	90099294	DEL	0
92334177	92334950	INV	0
92334178	92334951	INV	0
93814132	93909315	TAN	0
95414080	130677877	FUS	0
95414081	130677909	FUS	0
96350950	96351505	INV	0
96350951	96351506	INV	0
98001192	10271744	FUS	0
98001193	10272485	FUS	0
100405227	100413797	TAN	0
101102334	101103314	DEL	0
102227371	22388226	FUS	0
102227372	22389094	FUS	0
103816446	103816497	TAN	0
105661967	105688612	DEL	0
107690261	107696465	DEL	0
108411079	108411973	DEL	0
110106772	126758931	FUS	0
110106773	126797953	FUS	0
111987448	111987973	INV	0
111987449	111987974	INV	0
112578462	19988521	FUS	0
112578463	19988853	FUS	0
115441948	115442785	INV	0
115441949	115442786	INV	0
115748264	115748703	TAN	0
118200247	118200948	INV	0
118200248	118200949	INV	0
119964585	119964932	DEL	0
120821802	120900165	DEL	0
121854231	121890439	INV	0
121854232	121890440	INV	0
123901409	123968009	DEL	0
125629319	92449593	FUS	0
125629320	92454591	FUS	0
127159678	68921534	FUS	0
127159679	68959868	FUS	0
127573594	127573617	INV	0
127573595	127573618	INV	0
130437581	130472014	INV	0
130437582	130472015	INV	0
130677876	130677910	DEL	0
132503878	132602250	TAN	0
