1412404	1412486	TAN	0
2873288	2873356	INV	0
2873289	2873357	INV	0
3008265	92453436	FUS	0
3008266	92508826	FUS	0
4768974	4769002	DEL	0
6994702	6996767	INV	0
6994703	6996768	INV	0
8600684	8600685	INS	0
9618120	9618749	TAN	0
10787466	10787537	DEL	0
13326986	13327069	INV	0
13326987	13327070	INV	0
14943692	131840132	FUS	0
14943693	131847772	FUS	0
16134759	16188735	TAN	0
16928760	105017290	FUS	0
16928761	105041835	FUS	0
18924952	18924953	INS	0
20941238	20950774	DEL	0
21258296	21267987	TAN	0
22871744	22871781	DEL	0
25092555	70309499	FUS	0
25092556	70374505	FUS	0
26349925	26349937	TAN	0
27154492	27160975	DEL	0
29095119	29152939	DEL	0
30399706	30400090	DEL	0
32265581	32272836	DEL	0
34072555	34072609	TAN	0
34538691	30412008	FUS	0
34538692	30412620	FUS	0
36095762	36095798	INV	0
36095763	36095799	INV	0
38838877	91735552	FUS	0
38838878	91739228	FUS	0
39021655	39021725	INV	0
39021656	39021726	INV	0
41329482	41329514	TAN	0
43153830	43160639	DEL	0
43775463	43775756	TAN	0
45018659	45018742	TAN	0
47046355	76156178	FUS	0
47046356	76165607	FUS	0
49343826	49344107	INV	0
49343827	49344108	INV	0
50283448	50283722	TAN	0
51481490	51487569	INV	0
51481491	51487570	INV	0
53417637	53423353	INV	0
53417638	53423354	INV	0
54537234	3997073	FUS	0
54537235	4003405	FUS	0
56397790	56447387	TAN	0
57826633	57826835	DEL	0
59287053	59384376	INV	0
59287054	59384377	INV	0
60349677	108678933	FUS	0
60349678	108750003	FUS	0
61893014	78060162	FUS	0
61893015	78125633	FUS	0
63751874	63753933	TAN	0
65659734	65659833	INV	0
65659735	65659834	INV	0
67104334	67104678	INV	0
67104335	67104679	INV	0
68696137	68696151	TAN	0
70309498	70374506	DEL	0
71231200	71231201	INS	0
72589564	72664503	TAN	0
74210203	89067680	FUS	0
74210204	89067710	FUS	0
76156177	76165608	DEL	0
77749831	77749861	INV	0
77749832	77749862	INV	0
79208798	79235304	INV	0
79208799	79235305	INV	0
80660112	94619221	FUS	0
80660113	94683594	FUS	0
81245294	81245356	INV	0
81245295	81245357	INV	0
82947847	91898119	FUS	0
82947848	91898556	FUS	0
84948485	20586393	FUS	0
84948486	20591445	FUS	0
85994479	86004225	TAN	0
87339866	87368833	DEL	0
89067679	89067711	DEL	0
90230282	90238139	DEL	0
91735551	91739229	DEL	0
93835211	93835907	INV	0
93835212	93835908	INV	0
94619220	94683595	DEL	0
96332662	96363381	DEL	0
97611629	126659452	FUS	0
97611630	126748726	FUS	0
99058579	99059150	INV	0
99058580	99059151	INV	0
101611004	101619548	TAN	0
102524322	120964118	FUS	0
102524323	121023844	FUS	0
103755178	103755217	INV	0
103755179	103755218	INV	0
105017289	105041836	DEL	0
107053138	107081271	INV	0
107053139	107081272	INV	0
108678932	108750004	DEL	0
110575563	124610311	FUS	0
110575564	124614247	FUS	0
111429320	111429375	DEL	0
112920217	90617934	FUS	0
112920218	90618917	FUS	0
115186263	115189818	TAN	0
116868685	9262355	FUS	0
116868686	9270003	FUS	0
118336850	118342155	DEL	0
118540145	36169617	FUS	0
118540146	36170310	FUS	0
120940766	120940802	TAN	0
122188925	122198920	TAN	0
123888748	123888797	INV	0
123888749	123888798	INV	0
125732721	125736397	INV	0
125732722	125736398	INV	0
126659451	126748727	DEL	0
127818742	127818743	INS	0
129593499	129593543	INV	0
129593500	129593544	INV	0
131840131	131847773	DEL	0
132679900	132679955	TAN	0
