1071130	88397299	FUS	0
1071131	88397988	FUS	0
2062546	2062571	DEL	0
3460253	3460670	TAN	0
5090570	5130212	DEL	0
6520223	50949564	FUS	0
6520224	50949579	FUS	0
8158508	125268207	FUS	0
8158509	125288986	FUS	0
10022528	10023283	INV	0
10022529	10023284	INV	0
11929403	11930373	INV	0
11929404	11930374	INV	0
13294005	96846877	FUS	0
13294006	96847807	FUS	0
14138923	14162004	TAN	0
15808879	15809807	TAN	0
17576508	17576509	INS	0
18476173	94707161	FUS	0
18476174	94791099	FUS	0
19772923	19772934	TAN	0
21710944	21779585	TAN	0
22847939	22848295	TAN	0
24005736	24009669	TAN	0
25791974	25791975	INS	0
28232070	28232365	INV	0
28232071	28232366	INV	0
29808645	29808703	TAN	0
31433712	7090358	FUS	0
31433713	7137372	FUS	0
32717725	32717797	DEL	0
33082199	33107614	DEL	0
35062223	75354675	FUS	0
35062224	75401182	FUS	0
37171721	129467799	FUS	0
37171722	129532625	FUS	0
37897439	64830406	FUS	0
37897440	64831390	FUS	0
40272105	40272160	TAN	0
41332565	111040491	FUS	0
41332566	111126631	FUS	0
42914158	42914988	INV	0
42914159	42914989	INV	0
44237702	129913952	FUS	0
44237703	129916315	FUS	0
45280775	45283917	DEL	0
47699243	47725683	INV	0
47699244	47725684	INV	0
49400797	49457541	INV	0
49400798	49457542	INV	0
50949563	50949580	DEL	0
51269148	51292494	INV	0
51269149	51292495	INV	0
52519515	52522094	TAN	0
54138243	54182461	INV	0
54138244	54182462	INV	0
56710414	56749896	INV	0
56710415	56749897	INV	0
57705705	57709663	TAN	0
59087768	59184558	INV	0
59087769	59184559	INV	0
60918724	60919103	DEL	0
62094225	62099774	INV	0
62094226	62099775	INV	0
63368328	63397461	DEL	0
65242071	128642655	FUS	0
65242072	128643500	FUS	0
66135109	66135792	INV	0
66135110	66135793	INV	0
68138867	68141538	INV	0
68138868	68141539	INV	0
69917672	49732675	FUS	0
69917673	49733017	FUS	0
70835875	70878175	INV	0
70835876	70878176	INV	0
72175431	72180589	TAN	0
73739008	73739595	INV	0
73739009	73739596	INV	0
75314304	75314305	INS	0
77632722	77632750	TAN	0
79359093	79361672	TAN	0
80012110	80091201	TAN	0
82292840	119216905	FUS	0
82292841	119282015	FUS	0
83797157	83797583	TAN	0
84332968	84332969	INS	0
85532844	85540938	TAN	0
88397298	88397989	DEL	0
88897564	88904815	INV	0
88897565	88904816	INV	0
90271817	90281186	TAN	0
92258258	59074528	FUS	0
92258259	59078743	FUS	0
93360904	93390902	DEL	0
94707160	94791100	DEL	0
96631327	96631401	TAN	0
98054056	98150166	TAN	0
100133206	100133207	INS	0
101415711	101482303	INV	0
101415712	101482304	INV	0
102664150	67330720	FUS	0
102664151	67388446	FUS	0
103960068	103960126	DEL	0
106126143	120219494	FUS	0
106126144	120260709	FUS	0
107494703	107593326	INV	0
107494704	107593327	INV	0
108544437	108544438	INS	0
110793877	110800228	INV	0
110793878	110800229	INV	0
111040490	111126632	DEL	0
113759532	113759533	INS	0
115391639	115391881	TAN	0
116815213	116816019	INV	0
116815214	116816020	INV	0
117075034	117084731	DEL	0
119829994	119830755	DEL	0
120225625	120225704	DEL	0
121635449	121635494	DEL	0
123643393	259954	FUS	0
123643394	266189	FUS	0
125250463	114668166	FUS	0
125250464	114678111	FUS	0
127246358	1030656	FUS	0
127246359	1039469	FUS	0
128258194	128318493	INV	0
128258195	128318494	INV	0
129467798	129532626	DEL	0
130947100	130947151	INV	0
130947101	130947152	INV	0
132875921	132875957	INV	0
132875922	132875958	INV	0
