1034590	1035164	INV	0
1034591	1035165	INV	0
2499997	94556139	FUS	0
2499998	94556219	FUS	0
3187492	3243098	TAN	0
4809010	4816199	INV	0
4809011	4816200	INV	0
6419882	6419906	TAN	0
8825281	8825564	TAN	0
10345780	84740841	FUS	0
10345781	84819851	FUS	0
11144210	40503568	FUS	0
11144211	40512100	FUS	0
12482409	25759495	FUS	0
12482410	25767885	FUS	0
14493894	14517807	TAN	0
15969221	87150970	FUS	0
15969222	87228698	FUS	0
17309988	17310076	DEL	0
18463188	18463619	INV	0
18463189	18463620	INV	0
19944804	20017565	TAN	0
21570320	21579770	DEL	0
23582559	84033974	FUS	0
23582560	84039939	FUS	0
25313795	25319365	DEL	0
26421848	100010249	FUS	0
26421849	100069755	FUS	0
28406145	29155038	FUS	0
28406146	29199670	FUS	0
29833983	56420815	FUS	0
29833984	56421638	FUS	0
30855207	30855208	INS	0
32983601	71268488	FUS	0
32983602	71277388	FUS	0
33488656	33492491	TAN	0
35714837	35716976	DEL	0
36670320	36690434	INV	0
36670321	36690435	INV	0
38909603	38993373	INV	0
38909604	38993374	INV	0
39039952	39043523	DEL	0
40503567	40512101	DEL	0
43313406	43406460	TAN	0
44281062	44368548	INV	0
44281063	44368549	INV	0
46103632	46103689	INV	0
46103633	46103690	INV	0
47065387	47065942	INV	0
47065388	47065943	INV	0
49091684	49091711	INV	0
49091685	49091712	INV	0
50913543	50943231	INV	0
50913544	50943232	INV	0
51054531	51055062	INV	0
51054532	51055063	INV	0
53805707	53805771	TAN	0
55081715	55081764	DEL	0
56420814	56421639	DEL	0
57679371	57679434	TAN	0
58599068	58599457	DEL	0
60686562	60686658	DEL	0
62839408	62839724	TAN	0
63111486	63111737	DEL	0
64518248	125203575	FUS	0
64518249	125269685	FUS	0
66365108	66365146	DEL	0
68434518	68434529	TAN	0
69904320	69911863	TAN	0
71268487	71277389	DEL	0
72884491	72885028	TAN	0
74889860	74935702	INV	0
74889861	74935703	INV	0
76050280	76054721	TAN	0
77281731	2042709	FUS	0
77281732	2049381	FUS	0
78366477	78366535	TAN	0
79993148	80036342	DEL	0
82345623	47977084	FUS	0
82345624	47977444	FUS	0
83172202	83172997	INV	0
83172203	83172998	INV	0
84033973	84039940	DEL	0
86937089	86938070	INV	0
86937090	86938071	INV	0
87150969	87228699	DEL	0
89060225	89068808	INV	0
89060226	89068809	INV	0
90743538	50154856	FUS	0
90743539	50158296	FUS	0
91726368	91731737	INV	0
91726369	91731738	INV	0
93575930	111183409	FUS	0
93575931	111235538	FUS	0
94556138	94556220	DEL	0
97461877	97470335	TAN	0
98976457	98976505	INV	0
98976458	98976506	INV	0
100010248	100069756	DEL	0
101842971	101847440	DEL	0
102342987	102343666	DEL	0
103519307	116338352	FUS	0
103519308	116338446	FUS	0
105812033	105864855	TAN	0
106966511	30083593	FUS	0
106966512	30112479	FUS	0
108102770	108106173	DEL	0
110290888	110300202	DEL	0
111183408	111235539	DEL	0
113314366	113314367	INS	0
114508384	114509077	DEL	0
116338351	116338447	DEL	0
117823539	117827277	DEL	0
118975138	81659140	FUS	0
118975139	81720453	FUS	0
120240882	120240974	DEL	0
122734240	45559298	FUS	0
122734241	45560240	FUS	0
124247649	124248020	DEL	0
125203574	125269686	DEL	0
126038478	126064848	INV	0
126038479	126064849	INV	0
128932476	128933233	INV	0
128932477	128933234	INV	0
130347841	130348689	TAN	0
130815690	130815725	TAN	0
132322115	132417951	TAN	0
