826141	16112119	FUS	0
826142	16116648	FUS	0
2596185	41987865	FUS	0
2596186	41988770	FUS	0
4192443	4192821	DEL	0
5492916	32063146	FUS	0
5492917	32091645	FUS	0
6351033	6351568	TAN	0
7659279	7721426	INV	0
7659280	7721427	INV	0
10183185	10259972	DEL	0
10872216	74297069	FUS	0
10872217	74325679	FUS	0
13263813	61977612	FUS	0
13263814	61978493	FUS	0
14602620	14692855	INV	0
14602621	14692856	INV	0
16112118	16116649	DEL	0
16960575	99743740	FUS	0
16960576	99744666	FUS	0
18143394	18148824	INV	0
18143395	18148825	INV	0
20514073	101875918	FUS	0
20514074	101926755	FUS	0
22060845	22121648	TAN	0
22697332	22697369	INV	0
22697333	22697370	INV	0
24031110	24031180	TAN	0
26174968	26175042	TAN	0
28199236	46089900	FUS	0
28199237	46089980	FUS	0
28977374	28977419	INV	0
28977375	28977420	INV	0
30455743	30455798	INV	0
30455744	30455799	INV	0
32801513	32810598	TAN	0
33192390	70143558	FUS	0
33192391	70203495	FUS	0
35935716	35936075	DEL	0
36428718	36428764	INV	0
36428719	36428765	INV	0
38885393	38929201	DEL	0
40299300	99482929	FUS	0
40299301	99534072	FUS	0
40724642	84070721	FUS	0
40724643	84096289	FUS	0
43494778	44437092	FUS	0
43494779	44437336	FUS	0
44437091	44437337	DEL	0
46089899	46089981	DEL	0
46858132	115012985	FUS	0
46858133	115082167	FUS	0
48989895	48996108	TAN	0
49742572	49749047	TAN	0
51851703	105008128	FUS	0
51851704	105008912	FUS	0
53655628	53659805	DEL	0
54119134	54157244	DEL	0
56088568	56088902	INV	0
56088569	56088903	INV	0
57640899	57649046	INV	0
57640900	57649047	INV	0
58665893	58713873	DEL	0
60269393	60269404	INV	0
60269394	60269405	INV	0
62103636	62104402	INV	0
62103637	62104403	INV	0
63993635	63993659	DEL	0
65237491	83971976	FUS	0
65237492	83972009	FUS	0
67157247	67163448	INV	0
67157248	67163449	INV	0
68834689	68837400	DEL	0
69348731	69441610	DEL	0
71985657	119385827	FUS	0
71985658	119386232	FUS	0
72919523	73004594	INV	0
72919524	73004595	INV	0
74297068	74325680	DEL	0
75548341	111429883	FUS	0
75548342	111455762	FUS	0
77281941	77281942	INS	0
78241849	66478536	FUS	0
78241850	66482468	FUS	0
79520367	79521115	INV	0
79520368	79521116	INV	0
82102935	82110088	DEL	0
83971975	83972010	DEL	0
84070720	84096290	DEL	0
85765139	85828140	DEL	0
87730479	87730545	DEL	0
88859986	88869695	INV	0
88859987	88869696	INV	0
90865573	90865604	INV	0
90865574	90865605	INV	0
92604251	92657980	TAN	0
94262108	94262522	INV	0
94262109	94262523	INV	0
94574344	94670574	INV	0
94574345	94670575	INV	0
96809422	96905720	DEL	0
98750570	102264284	FUS	0
98750571	102264948	FUS	0
99743739	99744667	DEL	0
101875917	101926756	DEL	0
102796739	119261034	FUS	0
102796740	119261052	FUS	0
104251337	25874619	FUS	0
104251338	25877623	FUS	0
105008127	105008913	DEL	0
107070670	107070702	INV	0
107070671	107070703	INV	0
109433089	109922011	FUS	0
109433090	109960910	FUS	0
109922010	109960911	DEL	0
111729024	111729490	DEL	0
113751183	113751491	INV	0
113751184	113751492	INV	0
115012984	115082168	DEL	0
116925668	116934123	INV	0
116925669	116934124	INV	0
117622680	117709519	TAN	0
119261033	119261053	DEL	0
120518146	120522563	TAN	0
121603199	121603739	DEL	0
124376983	124377210	DEL	0
125484865	125484896	INV	0
125484866	125484897	INV	0
126528948	126591776	DEL	0
127706332	51858307	FUS	0
127706333	51863444	FUS	0
130384167	130388699	DEL	0
131228171	131279901	TAN	0
133295129	133303016	TAN	0
