872801	873220	DEL	0
2108367	2118112	DEL	0
3810019	52707580	FUS	0
3810020	52708004	FUS	0
5933601	5934577	INV	0
5933602	5934578	INV	0
6682708	6761236	TAN	0
8935881	8943287	INV	0
8935882	8943288	INV	0
9246114	89654355	FUS	0
9246115	89710058	FUS	0
11480085	11480146	TAN	0
13478029	13482484	INV	0
13478030	13482485	INV	0
13868769	13869402	INV	0
13868770	13869403	INV	0
15612755	15700165	TAN	0
16574910	16580781	TAN	0
18196418	18198988	INV	0
18196419	18198989	INV	0
20533219	20533285	INV	0
20533220	20533286	INV	0
22152338	40581577	FUS	0
22152339	40581902	FUS	0
23669337	83324859	FUS	0
23669338	83325345	FUS	0
24959020	24959358	TAN	0
26554177	117792579	FUS	0
26554178	117792639	FUS	0
28435876	28435919	INV	0
28435877	28435920	INV	0
29476804	119543962	FUS	0
29476805	119549240	FUS	0
30644320	30713488	TAN	0
31528024	31605643	INV	0
31528025	31605644	INV	0
33268751	112156399	FUS	0
33268752	112156412	FUS	0
35332566	35376298	TAN	0
37142655	69102133	FUS	0
37142656	69102749	FUS	0
38358933	38363001	TAN	0
40315760	126340022	FUS	0
40315761	126431428	FUS	0
40581576	40581903	DEL	0
43186034	58614355	FUS	0
43186035	58619319	FUS	0
44436603	44488002	DEL	0
45576825	45576871	DEL	0
47597889	47607461	TAN	0
48754720	48755581	INV	0
48754721	48755582	INV	0
50809784	56979607	FUS	0
50809785	57019503	FUS	0
51184184	51241258	DEL	0
53727784	53774730	TAN	0
54615138	54615762	INV	0
54615139	54615763	INV	0
56089852	56089898	DEL	0
58491215	58494136	DEL	0
59923968	59923969	INS	0
60175113	110590897	FUS	0
60175114	110626769	FUS	0
62435676	62435677	INS	0
63870907	104852005	FUS	0
63870908	104855321	FUS	0
64759790	64759791	INS	0
66979352	66986687	TAN	0
68925368	125725022	FUS	0
68925369	125727416	FUS	0
69102132	69102750	DEL	0
71635493	90457851	FUS	0
71635494	90498791	FUS	0
72020101	72025143	TAN	0
74440079	74446869	TAN	0
75996114	89688601	FUS	0
75996115	89689286	FUS	0
76581061	76581491	DEL	0
78744896	114979195	FUS	0
78744897	114979813	FUS	0
80139364	80148944	INV	0
80139365	80148945	INV	0
82269128	82269146	DEL	0
83324858	83325346	DEL	0
84162520	84163122	TAN	0
85543207	85546506	TAN	0
88495521	88495559	DEL	0
89654354	89710059	DEL	0
90192561	90194816	INV	0
90192562	90194817	INV	0
92775178	92775203	TAN	0
94328897	94328898	INS	0
95479816	95563521	INV	0
95479817	95563522	INV	0
97123543	97124393	TAN	0
98541046	101357464	FUS	0
98541047	101456728	FUS	0
99518268	99519049	DEL	0
101357463	101456729	DEL	0
103206029	103210018	TAN	0
104059187	74888525	FUS	0
104059188	74923197	FUS	0
105178789	71450496	FUS	0
105178790	71454903	FUS	0
107792692	107792693	INS	0
109018225	109027758	TAN	0
110826584	110827563	INV	0
110826585	110827564	INV	0
112156398	112156413	DEL	0
113669021	113669224	TAN	0
115439988	74631877	FUS	0
115439989	74632221	FUS	0
116016657	116017309	DEL	0
117792578	117792640	DEL	0
119543961	119549241	DEL	0
120580116	120619948	DEL	0
122703894	122704171	DEL	0
123755760	123798681	TAN	0
125819593	125826232	TAN	0
126474067	63360605	FUS	0
126474068	63361405	FUS	0
128149466	128175158	INV	0
128149467	128175159	INV	0
129349794	129356207	INV	0
129349795	129356208	INV	0
131410936	131413924	DEL	0
132006926	122541725	FUS	0
132006927	122542449	FUS	0
