1113579	1119769	DEL	0
2743123	2751159	DEL	0
3462638	32634565	FUS	0
3462639	32635360	FUS	0
5906815	55967489	FUS	0
5906816	55967576	FUS	0
6161313	6164241	TAN	0
8128908	8187678	INV	0
8128909	8187679	INV	0
9961017	9961042	TAN	0
10563684	10564598	DEL	0
12129229	2148947	FUS	0
12129230	2158787	FUS	0
13521148	13521149	INS	0
15178880	15178906	TAN	0
17608670	17696205	DEL	0
18067338	18077037	TAN	0
19959102	19965413	DEL	0
21840171	23773413	FUS	0
21840172	23773801	FUS	0
23814637	70107656	FUS	0
23814638	70175697	FUS	0
24512081	24512821	INV	0
24512082	24512822	INV	0
26631424	26631425	INS	0
27922988	13021571	FUS	0
27922989	13052225	FUS	0
29659780	47376542	FUS	0
29659781	47385305	FUS	0
30234604	30242130	TAN	0
32634564	32635361	DEL	0
33029997	97379573	FUS	0
33029998	97383255	FUS	0
35558258	35643830	DEL	0
37106100	37203402	TAN	0
38271308	38275547	TAN	0
39132752	39133157	DEL	0
41885407	120972218	FUS	0
41885408	120972962	FUS	0
42678094	104965886	FUS	0
42678095	104969251	FUS	0
44571053	44577110	DEL	0
46152391	46161390	INV	0
46152392	46161391	INV	0
47890998	23446960	FUS	0
47890999	23471904	FUS	0
48318461	48327349	TAN	0
50224985	50225068	DEL	0
51933018	51933530	DEL	0
53166629	53170296	DEL	0
55011466	121770335	FUS	0
55011467	121771025	FUS	0
55967488	55967577	DEL	0
57528313	57528403	TAN	0
58995394	59001948	TAN	0
60576241	60576242	INS	0
61725151	61725181	TAN	0
63166564	63239725	TAN	0
65889854	65895537	DEL	0
66501288	66508161	DEL	0
67522555	67522607	INV	0
67522556	67522608	INV	0
70107655	70175698	DEL	0
71204564	71209859	INV	0
71204565	71209860	INV	0
73087684	73087695	TAN	0
73514978	73614292	TAN	0
76082677	76083139	TAN	0
77220532	77223216	TAN	0
79383005	79383068	TAN	0
80750912	80751485	TAN	0
81197274	81206187	INV	0
81197275	81206188	INV	0
83268857	83268880	TAN	0
84383657	84383995	DEL	0
86494168	86494820	INV	0
86494169	86494821	INV	0
87631102	87653623	DEL	0
89691881	89767419	DEL	0
90767674	90771810	INV	0
90767675	90771811	INV	0
92680656	92681582	INV	0
92680657	92681583	INV	0
94118523	94126304	TAN	0
95170855	95170884	INV	0
95170856	95170885	INV	0
97379572	97383256	DEL	0
98614131	98614174	DEL	0
99315644	127261074	FUS	0
99315645	127261983	FUS	0
101814513	101815462	INV	0
101814514	101815463	INV	0
102796143	102801051	TAN	0
103749089	103756965	DEL	0
105784375	105785096	INV	0
105784376	105785097	INV	0
107598979	107603794	INV	0
107598980	107603795	INV	0
109219397	109219737	TAN	0
110813066	110820235	TAN	0
111312543	111354867	TAN	0
113582459	113582928	INV	0
113582460	113582929	INV	0
114112538	114112562	TAN	0
116011709	116019085	DEL	0
117620126	124884468	FUS	0
117620127	124885294	FUS	0
119140189	90968029	FUS	0
119140190	91025214	FUS	0
120972217	120972963	DEL	0
122592308	122592325	INV	0
122592309	122592326	INV	0
123709694	123709758	DEL	0
124884467	124885295	DEL	0
127261073	127261984	DEL	0
128593827	128593916	INV	0
128593828	128593917	INV	0
130072879	130142288	TAN	0
131196086	131289727	TAN	0
133268637	133301475	DEL	0
