887751	888254	INV	0
887752	888255	INV	0
2883480	2889616	INV	0
2883481	2889617	INV	0
3371145	3466761	DEL	0
5187086	5187087	INS	0
6553714	6553773	DEL	0
7817164	31997645	FUS	0
7817165	31998496	FUS	0
10415055	52239490	FUS	0
10415056	52239508	FUS	0
11321882	11364833	INV	0
11321883	11364834	INV	0
12914918	41280885	FUS	0
12914919	41281388	FUS	0
14757355	14841757	DEL	0
15545766	119374877	FUS	0
15545767	119375630	FUS	0
17493734	43160674	FUS	0
17493735	43167238	FUS	0
18107264	18107572	INV	0
18107265	18107573	INV	0
19537875	19544011	TAN	0
21132737	21172887	TAN	0
23629858	23631870	DEL	0
24346097	24346195	TAN	0
26409111	104265242	FUS	0
26409112	104265991	FUS	0
27885624	27885932	DEL	0
29636468	29645888	DEL	0
30802378	77921076	FUS	0
30802379	77929302	FUS	0
31997644	31998497	DEL	0
33628082	33634918	INV	0
33628083	33634919	INV	0
34573274	34575561	DEL	0
36568830	44865231	FUS	0
36568831	44930742	FUS	0
38318554	57646594	FUS	0
38318555	57652066	FUS	0
40378456	40462836	INV	0
40378457	40462837	INV	0
41210392	114621775	FUS	0
41210393	114693090	FUS	0
43160673	43167239	DEL	0
44865230	44930743	DEL	0
45759164	69336278	FUS	0
45759165	69341423	FUS	0
47198928	47198988	TAN	0
49128675	49128724	TAN	0
50657245	50657877	INV	0
50657246	50657878	INV	0
52239489	52239509	DEL	0
53093478	131344978	FUS	0
53093479	131345921	FUS	0
54158834	128018949	FUS	0
54158835	128070880	FUS	0
56925735	56934334	INV	0
56925736	56934335	INV	0
58140613	59700107	FUS	0
58140614	59703544	FUS	0
59700106	59703545	DEL	0
60067544	60074357	INV	0
60067545	60074358	INV	0
61948681	9285986	FUS	0
61948682	9314397	FUS	0
63545299	63545382	INV	0
63545300	63545383	INV	0
64642129	64642153	DEL	0
67498894	67499415	INV	0
67498895	67499416	INV	0
67998089	67998491	DEL	0
69588404	69588920	TAN	0
71880977	71916239	DEL	0
73447690	7810594	FUS	0
73447691	7811466	FUS	0
74614733	74685341	INV	0
74614734	74685342	INV	0
75990569	75990570	INS	0
77123264	77126740	INV	0
77123265	77126741	INV	0
79412766	79413021	INV	0
79412767	79413022	INV	0
80758022	56118218	FUS	0
80758023	56118642	FUS	0
81855028	81855536	DEL	0
83320690	83320775	TAN	0
85321126	85324410	TAN	0
86603158	95453084	FUS	0
86603159	95479544	FUS	0
87678788	87678798	TAN	0
89018250	89018660	INV	0
89018251	89018661	INV	0
90204544	90205541	TAN	0
92461584	92462231	DEL	0
94011815	65957110	FUS	0
94011816	65957772	FUS	0
95041798	95041821	DEL	0
97113738	97160041	DEL	0
98160161	98167591	DEL	0
99414680	99414723	TAN	0
101786311	101786951	DEL	0
103117514	131514648	FUS	0
103117515	131554589	FUS	0
103563818	125204385	FUS	0
103563819	125208655	FUS	0
106008122	106013478	TAN	0
107732204	107800082	TAN	0
108081944	108091558	TAN	0
110137061	110146179	DEL	0
111536934	111537570	INV	0
111536935	111537571	INV	0
113416495	113416496	INS	0
115336483	127542199	FUS	0
115336484	127636480	FUS	0
116594053	116594795	INV	0
116594054	116594796	INV	0
117513416	117513980	DEL	0
118837001	58615490	FUS	0
118837002	58619670	FUS	0
121177078	95683605	FUS	0
121177079	95755957	FUS	0
122462577	122462578	INS	0
124171734	124172324	DEL	0
124907832	124908821	TAN	0
126011162	126017202	INV	0
126011163	126017203	INV	0
128528330	128528799	TAN	0
130406360	133079823	FUS	0
130406361	133079882	FUS	0
131344977	131345922	DEL	0
133079822	133079883	DEL	0
