1093774	1174591	TAN	0
2125842	2130646	INV	0
2125843	2130647	INV	0
4088958	79389356	FUS	0
4088959	79390191	FUS	0
5609829	5633626	TAN	0
6831228	6831918	INV	0
6831229	6831919	INV	0
8417847	8417896	INV	0
8417848	8417897	INV	0
9019803	9019853	DEL	0
11661735	11690697	INV	0
11661736	11690698	INV	0
13294162	13294249	DEL	0
13710662	13710734	TAN	0
15319789	15320701	INV	0
15319790	15320702	INV	0
17494553	17494627	INV	0
17494554	17494628	INV	0
18488035	18553545	DEL	0
19643547	19643986	INV	0
19643548	19643987	INV	0
21535360	55186288	FUS	0
21535361	55186340	FUS	0
23108854	23117171	INV	0
23108855	23117172	INV	0
24034147	24035023	DEL	0
26500657	26503391	TAN	0
27193814	27265778	TAN	0
29339025	29339088	INV	0
29339026	29339089	INV	0
31189415	123743181	FUS	0
31189416	123750528	FUS	0
31996450	32001008	INV	0
31996451	32001009	INV	0
34296019	33589406	FUS	0
34296020	33598054	FUS	0
35243497	35243593	DEL	0
36479530	36479531	INS	0
37672382	37672838	INV	0
37672383	37672839	INV	0
40129062	40129800	DEL	0
41245239	88483895	FUS	0
41245240	88493143	FUS	0
42193330	109590462	FUS	0
42193331	109590515	FUS	0
44389993	44390416	INV	0
44389994	44390417	INV	0
46371557	57067302	FUS	0
46371558	57067990	FUS	0
46858653	46893177	TAN	0
49157594	49157669	DEL	0
50447333	50454071	TAN	0
52056672	52056695	INV	0
52056673	52056696	INV	0
53369214	53369568	TAN	0
55186287	55186341	DEL	0
55889488	55973229	INV	0
55889489	55973230	INV	0
57463183	57463244	DEL	0
59264951	59342723	DEL	0
60830665	131075908	FUS	0
60830666	131076540	FUS	0
61809033	61809034	INS	0
64437624	129547182	FUS	0
64437625	129547525	FUS	0
65428932	65434169	DEL	0
66373277	66400668	TAN	0
68610845	68670432	INV	0
68610846	68670433	INV	0
69864449	69872418	DEL	0
70736845	70737535	INV	0
70736846	70737536	INV	0
72182517	72183068	TAN	0
74707925	74710860	INV	0
74707926	74710861	INV	0
75420978	75421053	INV	0
75420979	75421054	INV	0
77474299	106435576	FUS	0
77474300	106435919	FUS	0
79118958	79121667	INV	0
79118959	79121668	INV	0
80258890	80265126	INV	0
80258891	80265127	INV	0
82475551	82475874	DEL	0
83586552	83586897	DEL	0
85431587	85432282	DEL	0
86902492	86995366	TAN	0
88483894	88493144	DEL	0
88787583	88797261	DEL	0
90647313	90647410	TAN	0
92803302	92852927	TAN	0
93954747	93955573	TAN	0
94772064	94772065	INS	0
96242905	96242965	TAN	0
98818908	98825149	TAN	0
99499662	47716525	FUS	0
99499663	47719523	FUS	0
100975811	100976202	DEL	0
103482635	103489016	TAN	0
104752369	104753135	DEL	0
106435575	106435920	DEL	0
107865240	1735807	FUS	0
107865241	1760947	FUS	0
108605141	101778930	FUS	0
108605142	101828513	FUS	0
109590461	109590516	DEL	0
112024105	112024710	TAN	0
112682927	112682928	INS	0
114786377	114793425	INV	0
114786378	114793426	INV	0
115503824	15239158	FUS	0
115503825	15246199	FUS	0
117784536	117784537	INS	0
118979071	42485537	FUS	0
118979072	42539864	FUS	0
120628845	105809871	FUS	0
120628846	105813890	FUS	0
122887399	122961189	DEL	0
123743180	123750529	DEL	0
125490421	125531821	INV	0
125490422	125531822	INV	0
126308124	126308187	INV	0
126308125	126308188	INV	0
128670264	128670286	TAN	0
129991677	129992192	INV	0
129991678	129992193	INV	0
131075907	131076541	DEL	0
133254538	133254591	DEL	0
