1176063	47950885	FUS	0
1176064	47956568	FUS	0
1932981	117660218	FUS	0
1932982	117665253	FUS	0
3300192	3300668	TAN	0
5503702	5503703	INS	0
7380926	7381305	DEL	0
8876551	105093114	FUS	0
8876552	105093559	FUS	0
9428027	9436774	INV	0
9428028	9436775	INV	0
11829518	11830410	TAN	0
12210673	3483006	FUS	0
12210674	3483308	FUS	0
14384609	14458706	INV	0
14384610	14458707	INV	0
15319337	12914512	FUS	0
15319338	12920517	FUS	0
17629950	17633695	DEL	0
18756537	18762682	TAN	0
20003260	20004175	DEL	0
22042450	93360354	FUS	0
22042451	93361318	FUS	0
23024299	23024388	INV	0
23024300	23024389	INV	0
25080358	20832984	FUS	0
25080359	20839432	FUS	0
25769212	25769238	DEL	0
27914627	90367339	FUS	0
27914628	90367779	FUS	0
28997208	121163473	FUS	0
28997209	121164391	FUS	0
31450537	31494003	INV	0
31450538	31494004	INV	0
31545955	31546948	DEL	0
33728466	33782460	DEL	0
35305481	35309547	DEL	0
37141674	37141710	INV	0
37141675	37141711	INV	0
37871662	37871703	TAN	0
40141118	40141166	DEL	0
41565186	132754148	FUS	0
41565187	132756870	FUS	0
42198215	87234605	FUS	0
42198216	87234644	FUS	0
43527750	43527751	INS	0
45587344	45587642	TAN	0
47950884	47956569	DEL	0
48849912	48850500	DEL	0
50563101	50563199	DEL	0
51410085	51414601	TAN	0
53946620	53946657	INV	0
53946621	53946658	INV	0
54734766	54734783	INV	0
54734767	54734784	INV	0
55687501	19643174	FUS	0
55687502	19691758	FUS	0
57857032	57922330	DEL	0
58879916	71887428	FUS	0
58879917	71887650	FUS	0
60103060	60165044	INV	0
60103061	60165045	INV	0
62090038	62093740	TAN	0
63070136	14631502	FUS	0
63070137	14632434	FUS	0
65807018	65807066	INV	0
65807019	65807067	INV	0
67163567	67168418	INV	0
67163568	67168419	INV	0
68211982	126878150	FUS	0
68211983	126883793	FUS	0
69142669	69142670	INS	0
71770141	71770142	INS	0
73240492	74714017	FUS	0
73240493	74714452	FUS	0
74714016	74714453	DEL	0
76331032	76375953	INV	0
76331033	76375954	INV	0
77084852	77084892	INV	0
77084853	77084893	INV	0
79332392	79339946	TAN	0
80287553	103748769	FUS	0
80287554	103748983	FUS	0
81250425	81250507	INV	0
81250426	81250508	INV	0
82986948	82987663	DEL	0
84798008	48616206	FUS	0
84798009	48654036	FUS	0
86599285	86683942	INV	0
86599286	86683943	INV	0
87234604	87234645	DEL	0
88928511	88932602	DEL	0
90691851	90692513	TAN	0
91772168	91772169	INS	0
93360353	93361319	DEL	0
95219916	95275261	INV	0
95219917	95275262	INV	0
96999576	97000352	INV	0
96999577	97000353	INV	0
98495159	98502820	INV	0
98495160	98502821	INV	0
99419681	133026210	FUS	0
99419682	133026223	FUS	0
101769859	91975839	FUS	0
101769860	91985338	FUS	0
102943898	102944700	DEL	0
103748768	103748984	DEL	0
105569364	105604467	DEL	0
107125889	92320983	FUS	0
107125890	92321381	FUS	0
108475615	108475616	INS	0
110877098	110877172	DEL	0
111865967	111865968	INS	0
112877087	112885579	TAN	0
115001106	115003566	INV	0
115001107	115003567	INV	0
115553725	115562577	INV	0
115553726	115562578	INV	0
117535549	118678077	FUS	0
117535550	118678375	FUS	0
119005920	119042469	TAN	0
120355215	120356056	INV	0
120355216	120356057	INV	0
122171207	122171293	INV	0
122171208	122171294	INV	0
123036388	123042512	TAN	0
125957323	125957537	TAN	0
126878149	126883794	DEL	0
128661735	40202490	FUS	0
128661736	40249461	FUS	0
129936144	129936175	DEL	0
131011547	131011565	INV	0
131011548	131011566	INV	0
133026209	133026224	DEL	0
