398650	87369918	FUS	0
398651	87379203	FUS	0
2827051	71011576	FUS	0
2827052	71104435	FUS	0
3499079	13311964	FUS	0
3499080	13312839	FUS	0
5501329	5501426	TAN	0
7066910	7066911	INS	0
8880059	50898715	FUS	0
8880060	50953288	FUS	0
9907571	23140020	FUS	0
9907572	23140483	FUS	0
11884340	20565255	FUS	0
11884341	20574106	FUS	0
13311963	13312840	DEL	0
14844768	14849032	TAN	0
16113160	52395788	FUS	0
16113161	52458856	FUS	0
17183332	128632790	FUS	0
17183333	128633163	FUS	0
18029872	18091923	DEL	0
20455295	20455306	DEL	0
21575679	13037937	FUS	0
21575680	13046023	FUS	0
23236470	23237068	INV	0
23236471	23237069	INV	0
24659190	24659191	INS	0
25765132	77372785	FUS	0
25765133	77379286	FUS	0
27828860	10465078	FUS	0
27828861	10515930	FUS	0
29346395	61098864	FUS	0
29346396	61170497	FUS	0
31262616	31334513	DEL	0
32685527	32691121	INV	0
32685528	32691122	INV	0
33345396	80217005	FUS	0
33345397	80217026	FUS	0
35178242	85785797	FUS	0
35178243	85823084	FUS	0
36295157	36295248	INV	0
36295158	36295249	INV	0
37822352	37830586	DEL	0
39922564	39927735	DEL	0
40972038	65455142	FUS	0
40972039	65488816	FUS	0
43124547	43132640	TAN	0
44686273	44686317	INV	0
44686274	44686318	INV	0
46103518	7715529	FUS	0
46103519	7719059	FUS	0
47272785	129701043	FUS	0
47272786	129709009	FUS	0
49396612	49396624	INV	0
49396613	49396625	INV	0
50587467	93684597	FUS	0
50587468	93691731	FUS	0
52395787	52458857	DEL	0
52901444	52908438	INV	0
52901445	52908439	INV	0
54930692	55002595	DEL	0
56569604	56574579	TAN	0
57525472	57525495	INV	0
57525473	57525496	INV	0
58987234	59076609	DEL	0
60729861	52873347	FUS	0
60729862	52873860	FUS	0
61566593	61570208	INV	0
61566594	61570209	INV	0
63094862	123293437	FUS	0
63094863	123373360	FUS	0
65620943	65621548	INV	0
65620944	65621549	INV	0
67266536	67359919	DEL	0
68584871	68585356	DEL	0
69886577	84039917	FUS	0
69886578	84047038	FUS	0
70613309	39057151	FUS	0
70613310	39059830	FUS	0
72927448	72934923	DEL	0
73977981	96461315	FUS	0
73977982	96461955	FUS	0
76256261	76260812	DEL	0
77372784	77379287	DEL	0
78887851	91168628	FUS	0
78887852	91168679	FUS	0
80217004	80217027	DEL	0
81882624	11944753	FUS	0
81882625	11992065	FUS	0
83574089	17437272	FUS	0
83574090	17437553	FUS	0
84039916	84047039	DEL	0
85785796	85823085	DEL	0
87369917	87379204	DEL	0
89743077	89743078	INS	0
91168627	91168680	DEL	0
92736969	92737047	TAN	0
94176654	94176949	DEL	0
95310593	95318968	DEL	0
96461314	96461956	DEL	0
98517973	98518631	TAN	0
99849172	126913769	FUS	0
99849173	126914369	FUS	0
101000806	101001396	DEL	0
103164620	76019590	FUS	0
103164621	76088245	FUS	0
103956029	103956046	DEL	0
105304099	71520358	FUS	0
105304100	71554429	FUS	0
106529110	106538459	DEL	0
109092909	109093485	INV	0
109092910	109093486	INV	0
110753767	110753800	INV	0
110753768	110753801	INV	0
111105033	111107090	INV	0
111105034	111107091	INV	0
112652112	75460172	FUS	0
112652113	75460730	FUS	0
114962788	114967416	TAN	0
116474252	116474269	INV	0
116474253	116474270	INV	0
117682252	60421876	FUS	0
117682253	60428458	FUS	0
119878796	119879513	INV	0
119878797	119879514	INV	0
120243645	120243693	INV	0
120243646	120243694	INV	0
122521435	30418294	FUS	0
122521436	30418758	FUS	0
123293436	123373361	DEL	0
124634630	124635000	TAN	0
126913768	126914370	DEL	0
128632789	128633164	DEL	0
129701042	129709010	DEL	0
130996020	130996890	DEL	0
132756966	132757574	INV	0
132756967	132757575	INV	0
