590587	6527513	FUS	0
590588	6527533	FUS	0
1930391	1930481	INV	0
1930392	1930482	INV	0
3855616	65764966	FUS	0
3855617	65765002	FUS	0
4933193	4933219	TAN	0
6527512	6527534	DEL	0
7586026	7670751	DEL	0
10207699	119854621	FUS	0
10207700	119854659	FUS	0
10779424	10779897	TAN	0
13267812	13267838	DEL	0
13676652	13681915	INV	0
13676653	13681916	INV	0
16261740	378575	FUS	0
16261741	386304	FUS	0
16601051	16601081	INV	0
16601052	16601082	INV	0
18926668	18926724	DEL	0
19568894	91138070	FUS	0
19568895	91141965	FUS	0
21207493	21274527	INV	0
21207494	21274528	INV	0
23478118	23483476	TAN	0
24881125	24881126	INS	0
25520833	25521128	DEL	0
27713343	27722312	TAN	0
29003181	29012369	TAN	0
30686145	30686190	TAN	0
31874262	31876863	INV	0
31874263	31876864	INV	0
33008412	33013821	INV	0
33008413	33013822	INV	0
34998450	73938453	FUS	0
34998451	73938538	FUS	0
37155779	85337907	FUS	0
37155780	85421073	FUS	0
37896470	93534636	FUS	0
37896471	93577506	FUS	0
39043313	39066300	TAN	0
40904574	40904575	INS	0
43038418	44478079	FUS	0
43038419	44570857	FUS	0
44478078	44570858	DEL	0
46350622	46351070	INV	0
46350623	46351071	INV	0
46740384	109404859	FUS	0
46740385	109407256	FUS	0
48439965	48472167	INV	0
48439966	48472168	INV	0
50841345	50851306	INV	0
50841346	50851307	INV	0
51044410	51048858	INV	0
51044411	51048859	INV	0
53944751	53945385	DEL	0
55079772	12654675	FUS	0
55079773	12660181	FUS	0
56886594	18673078	FUS	0
56886595	18682199	FUS	0
57634733	57635569	DEL	0
59721732	59756363	TAN	0
61262135	61271361	TAN	0
62729980	62738895	INV	0
62729981	62738896	INV	0
64082254	64082335	TAN	0
65764965	65765003	DEL	0
66081849	66086367	DEL	0
68736428	68736429	INS	0
70467595	70467596	INS	0
70715210	70715211	INS	0
73196386	73200480	DEL	0
73938452	73938539	DEL	0
75409627	75410248	TAN	0
77325273	77330946	INV	0
77325274	77330947	INV	0
79384752	107641325	FUS	0
79384753	107708334	FUS	0
80043063	80115911	INV	0
80043064	80115912	INV	0
81965675	81968649	DEL	0
83904662	83904736	INV	0
83904663	83904737	INV	0
85337906	85421074	DEL	0
86555623	86555895	TAN	0
87664142	111534257	FUS	0
87664143	111601338	FUS	0
89570666	62766341	FUS	0
89570667	62856916	FUS	0
91076227	91076615	INV	0
91076228	91076616	INV	0
91796947	95710806	FUS	0
91796948	95798802	FUS	0
93534635	93577507	DEL	0
95710805	95798803	DEL	0
96925651	96930050	TAN	0
97912880	97915955	INV	0
97912881	97915956	INV	0
99627944	99627977	DEL	0
101551420	102013166	FUS	0
101551421	102017176	FUS	0
102698454	102768122	INV	0
102698455	102768123	INV	0
104022487	104023223	TAN	0
106302759	106303495	DEL	0
107641324	107708335	DEL	0
108713517	108811752	INV	0
108713518	108811753	INV	0
110045956	110046286	DEL	0
111534256	111601339	DEL	0
113902405	113985458	TAN	0
114274033	114366856	INV	0
114274034	114366857	INV	0
115933354	115936450	TAN	0
117288393	117361899	INV	0
117288394	117361900	INV	0
119854620	119854660	DEL	0
120115019	120115020	INS	0
122283317	122311301	TAN	0
123504284	123504358	TAN	0
124640857	124647478	TAN	0
127361065	127361066	INS	0
128032920	128040396	INV	0
128032921	128040397	INV	0
129157481	129157569	DEL	0
131296346	131296988	DEL	0
133209196	133307245	INV	0
133209197	133307246	INV	0
