185664	191125	TAN	0
2748797	98522683	FUS	0
2748798	98530954	FUS	0
3543427	92984364	FUS	0
3543428	92984816	FUS	0
4580658	4581092	DEL	0
6692431	6696926	INV	0
6692432	6696927	INV	0
7927900	7972730	INV	0
7927901	7972731	INV	0
9477464	100998106	FUS	0
9477465	101002757	FUS	0
10745078	35971115	FUS	0
10745079	35971569	FUS	0
12585998	85070206	FUS	0
12585999	85127003	FUS	0
14298909	14298910	INS	0
16198283	83532089	FUS	0
16198284	83532863	FUS	0
17019442	121990639	FUS	0
17019443	122038434	FUS	0
18318915	52718395	FUS	0
18318916	52719239	FUS	0
20860300	20954942	DEL	0
22353601	22431642	TAN	0
22757460	22757740	TAN	0
24306364	24360446	INV	0
24306365	24360447	INV	0
26486620	133543027	FUS	0
26486621	133543075	FUS	0
28150104	28151067	TAN	0
29107104	29107165	TAN	0
30890806	91041999	FUS	0
30890807	91046262	FUS	0
32320703	32353619	DEL	0
34485552	34486263	INV	0
34485553	34486264	INV	0
35971114	35971570	DEL	0
37328602	37426446	INV	0
37328603	37426447	INV	0
38100589	38101091	INV	0
38100590	38101092	INV	0
40317471	40382852	DEL	0
40812586	40893240	INV	0
40812587	40893241	INV	0
42150764	42153359	INV	0
42150765	42153360	INV	0
44636006	44695761	TAN	0
46277647	75335088	FUS	0
46277648	75344884	FUS	0
47647286	120681696	FUS	0
47647287	120682334	FUS	0
48814078	48817084	TAN	0
49912762	49913058	TAN	0
51252902	51252934	INV	0
51252903	51252935	INV	0
52718394	52719240	DEL	0
54365300	117377796	FUS	0
54365301	117431172	FUS	0
55512353	55513014	INV	0
55512354	55513015	INV	0
57695998	57696057	INV	0
57695999	57696058	INV	0
59736579	85751025	FUS	0
59736580	85758611	FUS	0
60957937	61007664	DEL	0
62950136	62950158	TAN	0
64123878	64123911	INV	0
64123879	64123912	INV	0
64885284	64885623	INV	0
64885285	64885624	INV	0
66312299	66321937	DEL	0
67644592	67644657	DEL	0
70344216	125437046	FUS	0
70344217	125441245	FUS	0
71779645	71784170	TAN	0
72619419	72666922	DEL	0
73710776	73718529	DEL	0
76045489	76052421	TAN	0
77879572	99917969	FUS	0
77879573	99918816	FUS	0
79011103	79011151	DEL	0
80726011	80726401	INV	0
80726012	80726402	INV	0
81652240	81724222	DEL	0
83532088	83532864	DEL	0
84408864	25643173	FUS	0
84408865	25691520	FUS	0
85751024	85758612	DEL	0
87761852	87847854	INV	0
87761853	87847855	INV	0
88728068	42762586	FUS	0
88728069	42846798	FUS	0
91041998	91046263	DEL	0
92550812	92550896	INV	0
92550813	92550897	INV	0
93813999	93818629	TAN	0
95285505	95294311	TAN	0
97181713	97182673	TAN	0
98990922	98990976	INV	0
98990923	98990977	INV	0
99917968	99918817	DEL	0
101279724	101279782	INV	0
101279725	101279783	INV	0
102605236	102610304	INV	0
102605237	102610305	INV	0
103999711	104000007	INV	0
103999712	104000008	INV	0
105875431	105884129	DEL	0
106573541	106599344	INV	0
106573542	106599345	INV	0
109143295	1958801	FUS	0
109143296	2038896	FUS	0
110332437	110332438	INS	0
111390624	111450735	DEL	0
113718456	113718457	INS	0
114244231	114244299	INV	0
114244232	114244300	INV	0
115647962	115744110	INV	0
115647963	115744111	INV	0
117377795	117431173	DEL	0
119530406	119580256	DEL	0
120681695	120682335	DEL	0
121990638	122038435	DEL	0
123142122	72009237	FUS	0
123142123	72062294	FUS	0
125437045	125441246	DEL	0
126954414	126954444	DEL	0
127835037	100763132	FUS	0
127835038	100770502	FUS	0
129100161	129100162	INS	0
130913854	130916756	DEL	0
133353062	133353114	DEL	0
