1180704	1186533	TAN	0
2944109	33539496	FUS	0
2944110	33561375	FUS	0
3592875	3595192	DEL	0
5886690	5887083	INV	0
5886691	5887084	INV	0
6717333	87134418	FUS	0
6717334	87140932	FUS	0
7753408	7754150	INV	0
7753409	7754151	INV	0
9860065	9863857	DEL	0
11075518	81844716	FUS	0
11075519	81851474	FUS	0
13486908	13494933	DEL	0
14152708	92916424	FUS	0
14152709	93015784	FUS	0
15587963	15591233	INV	0
15587964	15591234	INV	0
17470192	124971011	FUS	0
17470193	125026808	FUS	0
18287608	131566034	FUS	0
18287609	131567003	FUS	0
20738186	130493303	FUS	0
20738187	130499485	FUS	0
21187050	21213233	TAN	0
23747913	23838407	TAN	0
25266299	25320307	INV	0
25266300	25320308	INV	0
26907792	26907881	TAN	0
27787962	27788000	DEL	0
28543644	28543738	DEL	0
30612435	21435820	FUS	0
30612436	21436141	FUS	0
32608111	32612665	DEL	0
33395414	33395449	INV	0
33395415	33395450	INV	0
35617175	35617519	TAN	0
37016258	37016599	DEL	0
37789647	8857245	FUS	0
37789648	8892119	FUS	0
39224579	122317198	FUS	0
39224580	122325238	FUS	0
40672393	45854042	FUS	0
40672394	45889271	FUS	0
43385262	43385557	DEL	0
44432373	44440945	TAN	0
45602866	45607285	DEL	0
47631395	101715386	FUS	0
47631396	101722769	FUS	0
48915888	48915971	TAN	0
49544538	55475982	FUS	0
49544539	55476710	FUS	0
52084723	100658319	FUS	0
52084724	100658331	FUS	0
52717693	52717723	INV	0
52717694	52717724	INV	0
55475981	55476711	DEL	0
56350353	56360313	INV	0
56350354	56360314	INV	0
58497025	58497249	INV	0
58497026	58497250	INV	0
59164410	59164492	INV	0
59164411	59164493	INV	0
60275655	60278416	INV	0
60275656	60278417	INV	0
62762081	62826468	DEL	0
63814470	118295560	FUS	0
63814471	118302552	FUS	0
65051011	65051287	TAN	0
66051763	66052702	DEL	0
68569832	68569862	DEL	0
70334639	70334659	TAN	0
71389371	71415206	INV	0
71389372	71415207	INV	0
73146932	73147656	INV	0
73146933	73147657	INV	0
74492298	74500637	DEL	0
75879366	75879395	TAN	0
76869972	76870635	TAN	0
78406627	78406628	INS	0
80918934	80926658	DEL	0
81844715	81851475	DEL	0
83533909	114352305	FUS	0
83533910	114352347	FUS	0
85111313	85112158	TAN	0
86086032	86122232	DEL	0
88291369	61455461	FUS	0
88291370	61459141	FUS	0
89449672	89455745	INV	0
89449673	89455746	INV	0
90887726	90888318	DEL	0
92969548	92975702	TAN	0
93771828	93772196	DEL	0
95609295	95609296	INS	0
96922206	96922255	TAN	0
98605900	98611342	DEL	0
99717583	70650942	FUS	0
99717584	70651650	FUS	0
100658318	100658332	DEL	0
102147020	66499400	FUS	0
102147021	66547570	FUS	0
104391394	104472394	INV	0
104391395	104472395	INV	0
105327593	105332643	TAN	0
107678754	13864482	FUS	0
107678755	13871527	FUS	0
108141411	108141412	INS	0
109770147	109778337	DEL	0
112299420	112299430	INV	0
112299421	112299431	INV	0
112881058	1449552	FUS	0
112881059	1542149	FUS	0
114352304	114352348	DEL	0
116396523	116396524	INS	0
118295559	118302553	DEL	0
118786998	118786999	INS	0
120149003	120195112	TAN	0
121991634	130153580	FUS	0
121991635	130157875	FUS	0
124138708	124147775	INV	0
124138709	124147776	INV	0
124971010	125026809	DEL	0
126933225	126933869	TAN	0
127584212	127584483	INV	0
127584213	127584484	INV	0
130153579	130157876	DEL	0
131959368	132219991	FUS	0
131959369	132226356	FUS	0
132306311	132307068	INV	0
132306312	132307069	INV	0
