968248	1057605	TAN	0
2819067	2859854	TAN	0
3949158	3955997	DEL	0
5892959	20602909	FUS	0
5892960	20605635	FUS	0
6925384	127658347	FUS	0
6925385	127658712	FUS	0
8575502	8577796	TAN	0
10330236	55514582	FUS	0
10330237	55518330	FUS	0
10588278	10588825	TAN	0
12765455	130961697	FUS	0
12765456	130966483	FUS	0
13701333	13702097	DEL	0
15609043	15609505	DEL	0
16657703	95667766	FUS	0
16657704	95668136	FUS	0
18345639	18354977	TAN	0
20602908	20605636	DEL	0
21394198	21394199	INS	0
23895473	47331715	FUS	0
23895474	47394611	FUS	0
25231830	26233749	FUS	0
25231831	26243316	FUS	0
25907378	77686557	FUS	0
25907379	77693058	FUS	0
27011161	27017792	DEL	0
28672464	28678988	TAN	0
31264320	31316056	TAN	0
32783055	117378898	FUS	0
32783056	117378918	FUS	0
33088995	33089013	DEL	0
35420485	35420500	INV	0
35420486	35420501	INV	0
36721850	36730460	DEL	0
38891094	55855633	FUS	0
38891095	55858098	FUS	0
39345329	62300128	FUS	0
39345330	62300879	FUS	0
41635065	41639437	TAN	0
43407853	43432102	INV	0
43407854	43432103	INV	0
43538784	43538804	TAN	0
45589430	45595825	INV	0
45589431	45595826	INV	0
47331714	47394612	DEL	0
49449846	49475046	DEL	0
49894755	49901254	DEL	0
51246218	59834451	FUS	0
51246219	59834467	FUS	0
52651478	52731549	INV	0
52651479	52731550	INV	0
54364573	66164457	FUS	0
54364574	66164500	FUS	0
55855632	55858099	DEL	0
57654314	57655301	INV	0
57654315	57655302	INV	0
59834450	59834468	DEL	0
60904091	60930915	TAN	0
62300127	62300880	DEL	0
63857360	63858130	DEL	0
65767295	65767364	TAN	0
66164456	66164501	DEL	0
68499910	68506815	DEL	0
70255976	70308475	TAN	0
71605999	71664363	DEL	0
72086015	83389391	FUS	0
72086016	83391548	FUS	0
74167208	77182949	FUS	0
74167209	77182996	FUS	0
76152036	48956251	FUS	0
76152037	49027536	FUS	0
77182948	77182997	DEL	0
79138367	79143970	TAN	0
79987626	79987681	DEL	0
82101028	110279097	FUS	0
82101029	110337176	FUS	0
83971969	83972029	DEL	0
85362912	85422818	INV	0
85362913	85422819	INV	0
86161002	86166456	TAN	0
88274604	88274629	INV	0
88274605	88274630	INV	0
89061219	89064430	DEL	0
91233050	91233079	TAN	0
91806044	91806950	TAN	0
94478492	94478493	INS	0
95889440	95889441	INS	0
96413200	96413574	TAN	0
98938254	98945540	INV	0
98938255	98945541	INV	0
99516656	99553558	INV	0
99516657	99553559	INV	0
100576084	100576085	INS	0
102709478	115289383	FUS	0
102709479	115289733	FUS	0
104552711	104552751	TAN	0
106000751	121272083	FUS	0
106000752	121272104	FUS	0
107729484	107737887	INV	0
107729485	107737888	INV	0
108567018	77354174	FUS	0
108567019	77354735	FUS	0
110279096	110337177	DEL	0
111514463	111514514	TAN	0
112917564	112924609	INV	0
112917565	112924610	INV	0
115289382	115289734	DEL	0
115699006	115699407	INV	0
115699007	115699408	INV	0
117378897	117378919	DEL	0
118943066	118943067	INS	0
121272082	121272105	DEL	0
122269613	122273713	TAN	0
124234531	44676540	FUS	0
124234532	44683949	FUS	0
125184157	125184236	INV	0
125184158	125184237	INV	0
126579192	33083652	FUS	0
126579193	33105393	FUS	0
127658346	127658713	DEL	0
129594294	129594527	TAN	0
131070349	131071205	TAN	0
132973367	132973452	DEL	0
