736464	736678	INV	0
736465	736679	INV	0
2904838	97876999	FUS	0
2904839	97969321	FUS	0
4044431	4044941	TAN	0
5524675	49558314	FUS	0
5524676	49607128	FUS	0
6190761	6195946	TAN	0
7585690	7631099	INV	0
7585691	7631100	INV	0
10052390	10137615	TAN	0
10692476	10692574	DEL	0
13450031	13450085	DEL	0
14828578	14857427	DEL	0
15760347	58436100	FUS	0
15760348	58510887	FUS	0
17893553	100092828	FUS	0
17893554	100177237	FUS	0
19089065	19091199	TAN	0
19815291	19815349	INV	0
19815292	19815350	INV	0
21847061	21847542	TAN	0
23738235	23738706	TAN	0
24532399	81054707	FUS	0
24532400	81054728	FUS	0
25662547	25702586	INV	0
25662548	25702587	INV	0
27907405	114429256	FUS	0
27907406	114527088	FUS	0
29388606	29389345	TAN	0
30098863	30195815	DEL	0
31803573	31803647	DEL	0
33171126	33232543	TAN	0
35107494	118021583	FUS	0
35107495	118022201	FUS	0
36995776	37028992	INV	0
36995777	37028993	INV	0
37859504	37892548	INV	0
37859505	37892549	INV	0
40458681	40458682	INS	0
41873145	41936400	INV	0
41873146	41936401	INV	0
42213016	80426493	FUS	0
42213017	80505343	FUS	0
44060086	92831148	FUS	0
44060087	92831399	FUS	0
45560848	118261518	FUS	0
45560849	118346267	FUS	0
47360977	47361595	INV	0
47360978	47361596	INV	0
48633104	48635432	DEL	0
49558313	49607129	DEL	0
52057515	52057549	TAN	0
53069380	53069749	DEL	0
55399035	55399090	INV	0
55399036	55399091	INV	0
56790948	56791234	INV	0
56790949	56791235	INV	0
58436099	58510888	DEL	0
59547573	43670500	FUS	0
59547574	43670724	FUS	0
60766680	131264851	FUS	0
60766681	131274408	FUS	0
61904093	61910174	TAN	0
63889386	37255515	FUS	0
63889387	37256453	FUS	0
64887934	64888684	TAN	0
67174481	67174513	DEL	0
68868591	68868592	INS	0
70153743	65563703	FUS	0
70153744	65612732	FUS	0
71740964	71653013	FUS	0
71740965	71738189	FUS	0
72595029	72595417	INV	0
72595030	72595418	INV	0
74989578	74990286	INV	0
74989579	74990287	INV	0
75996399	76065179	DEL	0
77495904	77495905	INS	0
79407186	15227822	FUS	0
79407187	15228427	FUS	0
80426492	80505344	DEL	0
81054706	81054729	DEL	0
82653865	82653942	INV	0
82653866	82653943	INV	0
85108068	85194702	TAN	0
85509929	119898825	FUS	0
85509930	119944814	FUS	0
87500558	105274306	FUS	0
87500559	105280907	FUS	0
89810707	59251062	FUS	0
89810708	59257291	FUS	0
91223929	55483028	FUS	0
91223930	55483717	FUS	0
92831147	92831400	DEL	0
93755651	93755749	TAN	0
95821562	76068813	FUS	0
95821563	76069632	FUS	0
97292154	97292730	INV	0
97292155	97292731	INV	0
98494700	98504426	DEL	0
99248848	99249615	DEL	0
100709606	100709909	TAN	0
102899230	102899980	INV	0
102899231	102899981	INV	0
104093202	104099221	TAN	0
105852419	105852465	INV	0
105852420	105852466	INV	0
107639676	107640516	TAN	0
108468136	108468723	TAN	0
110866583	110870824	TAN	0
111087567	111112304	INV	0
111087568	111112305	INV	0
112984415	112984467	DEL	0
114429255	114527089	DEL	0
116526780	116527560	INV	0
116526781	116527561	INV	0
118218462	118223252	TAN	0
119898824	119944815	DEL	0
120173441	120253006	TAN	0
121665472	121666399	INV	0
121665473	121666400	INV	0
123916215	123916881	TAN	0
125076069	125080615	INV	0
125076070	125080616	INV	0
126704939	126800641	DEL	0
128273456	113346500	FUS	0
128273457	113347309	FUS	0
130296268	130304773	INV	0
130296269	130304774	INV	0
131264850	131274409	DEL	0
133447593	133468279	INV	0
133447594	133468280	INV	0
